408.716
21.928
746.222
91.096
89.738
26.566
90.856
46.722
370.438
10.660
128.044
129.482
1791243.000
112.426
119.559
31.702
148.834
25.771
57.019
538.464
30.597
610.179
19.228
120.266
254.495
44.463
36.591
158.401
80.826
30.123
24.071
406.711
38.531
6.891
125.938
67.319
18.205
179.071
740.074
500.579
1382.126
1398.287
59.530
1513.151
468.944
41.663
1948.368
329.973
93.814
38.122
166.544
19.221
3324.922
75.628
11.960
53.230
1425.124
22.090
140.319
1978.931
58.384
1041.999
105.862
80.549
373.692
46.109
179.508
254.358
745.415
74.318
238.542
6.695
44.486
194.977
91.717
1067.875
28.194
630.097
103.321
17.323
17.498
9.410
14.365
25.876
2502.416
1777.634
19.114
530.069
57.797
369.255
942.372
95.396
12.868
12.449
572.535
50.225
164.193
13.044
40.225
54.160
7.880
1151.493
3126.312
74.361
211.322
18.803
161.493
10.216
195.447
231.154
89.856
14.343
1183.017
72.815
754.069
296.364
1957.512
8.856
240.794
45.691
41.173
27.186
16.186
643.969
67.978
261.784
79.212
861.760
308.361
160.328
76.486
23.849
856.957
156.244
803.633
232.895
21.180
16.418
17.332
85.573
201.911
35.674
24.019
385.328
239.236
175.566
1042.240
24.965
8.926
44.481
1254.214
2271.979
360.116
274.223
371.207
95.308
10.617
36.357
105.735
18.469
221.975
1155.857
212.348
1029.904
53.745
48.456
49.527
2431.835
1221.873
9392.887
407.502
22.227
43.513
7.376
909.123
231.024
6244.916
35.010
63.075
7.776
35.137
20.025
201.953
11.099
1900.478
49.085
34.322
797.938
43.371
289.282
36.699
26.755
28.472
200.555
562.953
322.837
6.607
35.051
78.165
7107.142
493.494
81.902
20.675
14.931
815.316
60.315
64.557
143.074
3433.523
396.752
39.380
47.639
164.559
140.203
59.913
147.340
252.213
1101.038
112.256
37.350
121.447
113.402
881746.688
74.325
143.067
123.500
261.338
29.044
54.056
15.233
383.436
65.312
75.083
32.371
66.586
9.047
16.954
72.828
721.713
185.575
17.798
8.632
75.643
61.169
10.272
50.702
19.769
875.857
499.133
26.799
52.126
971.881
1606.493
691.168
28.453
38.254
145.633
43801.602
1314.608
13.486
803.318
80.652
69.371
44.817
45.246
142.431
35.617
9.801
256.187
26.061
424.407
1483.469
76.588
2749.227
61.194
66.763
54.547
32.912
28.107
437.322
9.726
85.956
518.721
5559.780
569.404
434.268
16.800
21.132
16.542
102.788
136.228
40.567
290.278
1199.342
30.413
13.718
429.606
25.204
125.433
34.338
91.282
77.130
40.861
231.262
19.699
28.714
176.119
77.292
8.926
333.023
212.520
190.788
227.234
13.785
6.468
1828.270
152.606
21.296
2210.121
51.337
66.053
146.889
36.574
153.318
56.765
35.143
238.345
38.904
72.959
11.797
41.324
31.417
10.961
7.537
97.843
688.416
317.460
877.582
237.690
92.472
381.117
15.280
2788.461
109.560
150.608
69.233
857.545
51.939
76.126
184.576
22.993
121.943
137.448
229.116
5.744
600.227
706.907
321.016
53.146
35.822
14.599
695.234
89.091
6.739
1553.250
115.617
10.919
34.514
4.985
236.836
534.327
27.279
12.944
63.404
11.292
53.882
24.958
37.562
2572.299
1156.849
184.569
73.783
14.956
4305.125
1501.726
25.046
263.607
671.287
370.525
16.520
44.418
328.214
39.564
7.817
154.205
956.077
27.561
482.945
35.644
18.699
877.071
76.411
2162.252
178.293
197.269
735.140
18.962
52.290
265.625
656.327
7.903
309.723
80.460
56.746
165.454
62.070
1443.241
107.980
13.062
60.123
5.091
24.621
11.375
161.895
572.546
70.125
31.010
1444.470
61.830
1017.298
10.152
90.264
88.807
405.036
24.136
34.957
7.344
686.798
78.308
603.630
12.114
963.889
19.690
12.453
1230.597
240.508
33.578
95.797
28.489
249.023
817.844
244.759
801.496
45.671
627.385
69.830
70.559
26.596
154.648
81.965
13.790
17.920
23.446
47.769
39.509
196.397
837.089
72.304
1122.511
33.045
67.959
18.840
84.511
43.805
54.604
33.169
17496.219
74.347
421.121
48.471
749.686
40.582
33.673
1027.217
25.047
45.577
1806.957
392.867
2258.327
16.642
53.654
72.593
9.982
570.313
136.861
16.515
181.947
26.168
121.687
129.463
111.832
2650.243
26.002
12.110
136.717
75.221
7033.948
43.612
9.514
43.206
165.048
27.051
415.739
6.984
13.318
1151.624
372.950
1568.222
753.872
16.415
9.659
276.913
60.647
287.029
229.636
118.629
217.671
19.529
83.809
39.038
519.909
128.935
1935.805
362.244
50.029
15.580
4157.401
1385.672
759.668
6227.710
25.562
80.965
318.828
607.180
13.492
145.402
433.367
345.875
2813.618
681.920
35.041
18.658
2651.255
24.221
20.982
37.834
19.200
203.545
2869.623
28.580
67.314
45.676
379.288
111.894
107.245
25.277
12.873
40.496
42.764
36.480
41.055
738.893
53.422
1482.996
42.234
69.846
142.864
2427.380
23.019
294.562
79.529
47.658
15.110
42.012
29.228
164.627
71.530
335.909
21.646
10.716
1602.239
43.085
215.661
81.328
11.217
4.573
24.027
276.683
122.136
3554.362
52.873
653.867
222.931
34.100
26.797
4172.188
10.593
5807.278
90.182
87.259
10.816
233.003
1189.324
3175.838
19.699
66.142
1006.283
147.536
11.596
291.622
18.830
20.238
1227.840
1529.682
332.098
45.166
167.456
163.870
53.556
181.584
55.460
21.526
45.381
49.667
154.922
322.864
28.863
11.303
23.823
1577.577
148.582
21.270
1058.781
149.642
224.257
169.669
286.841
1785.041
349.114
43.315
67.198
1387.774
167.293
2153.415
12.895
439.116
370.655
48.365
167.268
59.443
60.512
68.258
117.891
9.397
27.813
174.463
76.546
108.909
25.447
56.046
54.146
19.180
14.667
578.913
28.295
148.737
26.546
27.710
43.400
96.167
82.423
75.992
119.837
869.859
10.588
1755.876
709.842
12.840
57.655
417.400
57.434
1026.266
44.282
117.891
3969.321
102.367
72.329
89.821
59.544
227.851
17.279
95.169
34492.883
691.382
701.684
33.998
40.742
90.244
1037.911
251.847
124.077
98.007
69.240
236.224
1007.866
8.571
3709.827
17.711
1381.603
47.480
5.699
40.456
1145.063
349.688
132.579
55.778
134.032
1174.047
514.623
195.748
189.026
73.406
3.809
1444.115
22.571
18.339
228.122
93.887
44.632
282.978
941.131
108.911
796.734
9.714
6.018
14.845
8.732
3535.528
615.357
11.992
92.710
924.255
262.385
28.649
52.981
25.738
16985.287
131.966
20.007
39.010
54.164
34.120
1658.943
76.306
922.191
49.456
43.735
162.530
97.378
28.428
12.823
32.898
56.946
1340.699
42.566
34.593
40.139
116.268
60.051
55.283
43.572
17.769
257.510
30.468
135.892
76.339
4961.311
82.720
353.365
13.568
25.311
72.207
41.137
37.822
94.828
38.701
23.015
805.417
92.151
71.038
217.554
45.189
33.958
71.578
53.300
940.446
39.505
68.296
504.746
65.957
697.320
1231.696
596.914
16.030
584.999
33.872
594.032
1659.041
2200.239
114.974
19.821
74.123
170.075
7.434
3555.094
5.820
116.101
18.496
784.856
100.259
160.773
90.336
521.038
38.787
443.867
572.726
3694.511
129.051
18.725
298.819
256.741
2313.917
172.717
1949.340
90.488
13.006
6.961
24.688
62.845
7244.940
2769.011
458.993
337.030
259.616
27.562
384.726
47.553
826.399
60.640
44.115
533.224
15.971
31.612
41.607
252.794
621.686
88.253
224.994
793.561
146.807
32.374
26.244
824.358
188.250
59.088
19.544
6247.066
446.230
530.739
260.182
946.344
65.252
129.008
94.332
2517.481
36.431
58.669
15.256
107.992
12.657
127.457
88.923
59.538
408.087
4.748
577.929
40.058
155.416
53.356
2519.935
400.661
290.108
96.474
37.020
57.978
415.954
8.786
22.120
4624.754
1478.149
309.414
36.700
259.912
35.067
105.906
336.486
100.217
41.223
13.210
9.995
192.842
61.697
63.721
1168.438
1231.647
6.945
41.266
14.304
22.510
12.589
403.462
104.875
75.568
88.284
50.440
68.276
320.053
32.288
28.469
323.781
195.315
66.277
23.239
47.926
712.857
37.003
176.807
10.608
240.792
48.962
61.964
16305.595
35.811
57.699
16.725
144.986
264.908
80.405
77.970
16.642
52.097
1702.950
196.517
39.520
25.363
137.519
265.085
75.388
414.398
86.861
7.780
114.949
19.600
1014.100
448.796
47.231
205.060
1832.284
528.249
1630.386
1811.610
67.576
103.626
428.907
43.580
125.232
171.275
23.232
83.203
29.053
2069.969
607.206
15.011
183.256
3912.365
131.086
1567.292
102.693
641.284
36.724
1043.133
883.422
227.625
137.850
95.864
160.655
1021.551
53.675
179.431
13.756
48.915
350.560
28.322
175.190
2505.890
2812.330
477.101
37.240
5.788
15.612
350.859
272.595
73.437
343.014
69.266
42.386
113.465
1610.187
36.481
346.312
37.299
248.777
1985.916
9.123
6053.311
36.873
222.540
42.196
511.631
2040.055
175.904
688.381
13.062
93.614
46.385
235.280
22.817
415.311
56.094
33.430
148.037
438.538
83.529
816.025
12.969
1277.853
351.674
75.820
33.964
50.493
158.407
208.003
15.389
19.094
55.316
1671.472
86.721
6.715
114.566
78.380
2093.196
55.153
12.823
18.335
1614.697
4497.465
38.031
193.440
2105.761
41.714
42.629
1064.191
43.427
660.438
1178.063
138.722
107.546
10.323
77.278
90.424
389.991
141.622
1065.944
28.263
1411.916
24.711
4.611
22.833
6.124
851.677
181.701
500.342
8.119
2206.727
460.401
30.886
19.512
67.159
1687.811
5.808
40.677
31.522
124.446
27.171
190.574
107.264
290.769
29.843
44.388
28.379
1661.396
96.789
23.916
1259.062
457.506
631.435
11.361
486.832
110.223
1352.814
84.765
151.671
1438.099
109.551
124.104
14.521
2179.356
22.303
124.563
133.099
44.176
62.852
49.393
97.628
2206.461
13.695
25.948
20.656
267.432
43.673
881.059
45.852
90.879
3424.677
193.725
541.857
69.607
21.692
630.247
345.377
309.543
629.403
2215.807
860.341
730.785
352.897
16.570
485.788
177.653
1174.683
153.407
284.729
96.003
150.155
661.155
167.709
246.928
41.080
249.816
15.803
127.309
45917.824
15.247
242.414
1337.433
137.080
76.716
39.996
325.500
405.184
129.259
404.602
25.817
49.810
245.297
6508.335
79.721
111.723
873.285
394.102
64.577
958.259
516.648
88.872
3134.698
26.999
473.470
42.344
106.679
2764.492
1818.365
59.317
1652.735
79.255
21.896
1040.738
34.477
50.601
10.476
44.338
372.166
110.240
553.378
247.461
106.679
61.812
795.983
1000.927
23.051
19.151
469.654
49.070
116.615
1370.293
324.896
367.681
35.331
772.877
50.124
766.906
246.818
168.290
32.492
118.277
196.199
57.479
30.784
31.943
31.278
18.434
1428.291
23.483
26.698
261.253
122.810
6.414
442.894
12.151
9.617
195.516
113.632
7.843
15.188
758.673
11.064
2840.853
321.766
98.198
83.592
6.426
28.023
104.978
6.249
1557.894
13.301
766.310
65.373
6.101
12.506
1453.757
107.678
102.647
12.499
419.452
431.620
92.826
10.021
40.148
76.773
937.328
363.488
6089.871
101.684
553.523
84.480
255.092
5708.702
929.340
51.338
3939.671
34.717
37.607
635.857
540.425
721.499
15.186
36.451
700.443
227.179
267.629
158.620
34.255
5.137
16.282
553.508
16.609
136.887
44.626
344.129
8.443
3760.010
191.424
482.648
156.196
135.703
1659.474
14.539
12.068
1938.912
92.908
498.663
1203.924
71.106
65.882
226.517
6.728
48.476
312.353
62.022
28.076
11.666
287.954
57.112
105.185
34.466
571.796
122.845
83.511
40.430
20.036
420.369
2392.165
127.080
3603.366
168.058
138.435
36.746
66.414
13.676
98.376
147.582
62.941
11.866
1877.179
9.358
2180.643
184.301
23.660
345.399
14.379
374.174
23.163
886.359
74.298
24.357
56.531
20.765
218.467
1664.179
9.097
1350.365
45.257
261.177
1081.293
73.146
54.576
10.304
224.187
170.933
75.118
9.971
32.834
2784.232
110.537
40.029
40.864
80.842
264.310
766.848
8.606
135.480
26.650
693.640
1077.685
77.805
57.432
35.968
1683.030
15.792
584.541
38.996
1410.735
47.030
1905.919
20.401
8.890
34.010
230.473
637.291
65.981
73.026
881.177
517.643
42.290
367.331
162.366
53.145
1203.711
87.047
53.573
97.543
214.854
1783.093
147.847
122.589
157.194
152.626
276.081
12.380
21.308
69.819
19.120
61.193
155.811
26.206
97.502
102.987
11.950
1122.732
91.792
105.789
900.974
70.421
31.612
93.765
17.843
27.061
96.356
238.302
654.916
23.915
16.609
54.203
8.042
70.752
746.862
983.222
29.217
340.016
8.789
25.693
162.880
821.794
427.964
58.941
19.039
436.769
1925.961
185.964
23.605
47.093
134.908
22.825
76.976
77.172
117.302
7.266
41.535
128.605
338.773
53.859
46.340
38.010
15.616
544.693
24.537
58.953
230.329
291.553
60.682
266.736
16.966
20.127
5.084
713.770
125.822
44.709
843.720
128.423
7.711
8.273
63.225
59.252
5.574
148.713
11.489
30.199
69.136
180.858
679.400
879.437
20.464
613.270
39.888
107.731
1255.763
52.035
30.992
339.662
89.430
11.591
33.823
38.605
4.993
88.702
87.386
1486.902
721.539
252.337
35.016
1231.696
517.623
171.908
71.565
27.213
46.787
11.689
392.085
23.014
84.808
32.523
43.926
20.619
2326.750
43.620
1032.299
65.325
40.962
1162.798
297.194
341.387
68.602
62.789
17.750
25.285
85.792
3297.462
687.992
99.571
20.630
36.719
63.646
4426.771
17.027
12.694
152.038
31.124
219.408
126.736
43.638
167.915
702.240
72.694
61.163
38.875
594.261
139.817
2009.932
48.106
69.405
7.450
272.223
329.422
978.692
217.827
107.511
6.149
193.692
27.428
72.227
77.409
1499.131
120.612
72.628
10.580
60.827
33.029
16.144
2000.327
34.505
46.189
6.620
388.214
246.552
37.394
6166.894
161.760
275698.031
56.341
60.471
21.413
175.066
8.566
96.033
54.989
2154.928
11.743
2086.285
89.556
8.730
24.353
65.735
297.743
10.721
7.189
64.691
85.453
60.864
1844.228
265.282
170.557
31.985
4095.305
338.788
83.827
38.936
351.894
178.780
784.209
33.981
108.934
23.579
122.896
434.664
22.361
311.721
8.677
30.468
3663.163
1134.509
119.960
364.228
1050.750
36.937
701.425
89.632
29.339
15.861
77.017
6.543
7.247
89.699
111.832
16.407
577.958
203.317
125.963
44.647
1161.955
119.887
20.971
44.543
30.171
85.930
190.383
596.376
56.638
14.477
518.215
45.202
26.577
397.793
38.074
51.623
214.729
18.228
206.933
21.845
1824.939
568.853
204.301
810.726
987.815
651.058
43.078
111.004
11.843
54.064
327.057
668.301
1623.619
105.661
157.204
254.812
25.032
25.182
440.595
75.047
32.732
51.153
103.788
269.709
1208.101
30.137
12.851
1259.849
352.459
151.707
261.786
270.957
375.815
196.822
15.740
24.320
22.349
156.806
24.703
3457.741
170.816
36.254
47.035
2286.728
45.416
4424.307
11.215
21.861
414.775
88.291
19.918
390.717
445.904
495.859
5.483
964.189
6.149
39.197
103.015
324.138
33.593
34.708
61.342
46.478
194.091
157.054
14.638
18800.785
271.374
6.250
756.163
61.931
34.037
140.715
9.067
13.088
343.924
47.016
3443.285
75.331
4288.050
134.687
24.401
1761.057
225.835
7.612
14.300
460.124
3254.799
78.627
1584.625
159.151
25.630
14.998
89.860
35.003
63.746
1136.896
4.122
75.018
765.175
1390.326
2154.962
102.527
96.099
28.342
28.516
24.791
6.961
270.098
94.074
132.089
118.485
387.622
17.842
2436.689
2402.681
145.191
72.444
44.000
113.817
312.935
58.497
13.246
27.769
33.901
262.800
107.058
2579.364
93.091
13.617
3235.750
1106.624
405.458
30.221
32.997
324.945
195.472
147.181
1295.707
921.468
801.345
97.527
352.781
118.138
197.528
11.687
1120.936
40.051
37.121
224.274
59.947
794.683
113.383
27.652
1919.155
73.270
3631.815
2985.593
24.806
996.805
9.969
16.100
893.910
12.909
583.426
17.618
5.076
21.565
21.662
4.573
97.493
133.879
3193.968
48.876
38.410
28.032
152.305
2583.546
496.220
3957.381
413.633
21.741
101.921
82.154
41.295
96.020
91.324
3205.790
23.384
13.107
71.843
62.679
208.350
76.610
42.767
743.354
189.538
26.866
19.040
629.593
110.742
4408.975
53.242
659.447
337.369
6.106
121.466
3133.783
123.586
57.684
1229.704
56.929
87.269
938.706
159.837
45.870
25.830
129.132
434.064
23.985
25.998
425.666
1682.296
2595.145
147.662
24.563
137.595
292.979
90.737
1892.187
289.559
55.620
52.041
475.843
390.368
56.620
497.647
5.969
77.279
104.292
152.297
56.299
27.989
258.888
56.521
48.086
23.943
1276.893
7.287
27.610
151.040
34.486
117.228
132.144
137.865
31.912
152.533
49.792
22.094
493.542
172.738
353.734
36.184
284.768
137.385
37.205
111.526
514.136
112.932
226.979
237.988
40.725
4.415
67.639
46774.734
18080.848
4060.003
916.331
778.354
32.135
1810.370
644.226
198.918
70.564
51.129
37584.090
3122.555
1347.718
10.472
138.703
38.193
690.779
27.980
815.502
22.533
9.699
78.898
10.501
39.944
393.291
14.518
34.479
12.459
8.192
8.651
164.755
36.528
380.591
20.933
26.743
26.090
91.642
494.706
11.758
1676.404
89.572
30.940
25.955
58.441
39.353
143.774
1912.898
110.211
49.036
30.977
29.721
17.228
48.670
126.470
210.159
103.125
135.529
4910.500
28.004
1914.078
42.565
268.677
44.027
1793.798
613.153
157.139
44.043
148.963
15.049
93.357
103.971
349.983
87.038
1591.899
313.070
8496.989
13.747
14.607
30.056
13.057
15.521
72.161
93.203
42.331
596.986
36.406
19.049
16.646
65.522
30.504
54.931
34.963
24.127
5.446
48.245
362.803
504.271
85.025
29.919
170.068
820.639
37.320
71.290
8.393
14.940
146.856
53.774
37.177
42.057
391.898
352.350
99.272
41.665
854.549
109.600
39.311
33.798
25.271
10.423
38.082
28.917
83.087
79.447
966.355
52.389
362.458
40.121
989.132
13.092
17.543
207.896
216.259
63.448
68.913
52.043
48.030
56.428
39.873
100.869
15.981
61.821
71.004
13.158
35.752
1213.159
229.786
27.856
15.965
5542.210
843.183
55.859
1115.342
66.638
23.624
26.596
81.545
160.812
6512.420
645.510
249.106
69.601
40.531
78.995
1672.168
136.162
21.195
32.348
10.065
167.288
31.031
111.548
61.227
92.322
21.024
35.133
28.906
86.806
358.200
845.588
266.566
156.081
13.613
913.757
2333.593
220.825
43.762
57.249
20.857
3432.816
1415.180
525.149
12575.187
342.809
442.142
21.339
2279.743
455.745
13.211
331.901
66.548
261186.516
44.159
14.072
109.569
9.678
33.186
48.994
94.945
32.544
264.649
107.140
9.920
5994.153
57.623
105.408
87.187
159.381
152.959
507.963
267.984
140.604
16.565
1637.405
70.208
101.517
5.226
580.294
42.921
50.861
42.279
27.088
19.555
4.380
62.999
219.967
6.357
671.569
824.464
62.353
40.878
300.710
737.746
2291.091
112.228
1286.074
7.913
107.332
315.122
51.971
20.394
94.868
121.676
69.455
114.802
19.943
78.078
1546.808
161.641
56.675
38.328
746.117
8.677
132.127
44.575
1570.296
18.843
57.307
1655.036
49.742
74.092
104.033
52.893
8.926
241.385
45.904
64.335
11.216
18.811
25.604
163.026
35.674
2103.841
24.981
36.134
844.530
43.615
2236.544
20.789
55.176
11.441
42.103
5596.358
39.654
6696.750
10.130
1579.722
11.792
162.362
104.708
81.072
13.387
48.682
92.994
178.391
892.354
40.277
52.858
5.820
50.763
269.760
15.032
803.254
90.137
17.631
564.143
9.286
43.505
817.049
124.263
28.386
1653.920
1185.097
1468.900
118131.758
65.685
65.651
39.302
88.161
40.212
128.633
45.653
15.357
113.349
26.996
36.487
1511.472
8.427
92.092
12.568
108.999
7.932
732.634
1459.075
131.819
168.823
700.892
122.657
53.277
67.061
269.685
92.416
8.187
255.371
176.575
4.630
405.621
99.099
61.340
10.678
118.598
390.696
585.361
25.031
31.135
58.124
98.402
27.967
878.570
97.100
289.110
182.809
3978.473
52.333
50.836
127.660
43.391
3881.978
48.776
1657.740
59.951
676.909
485.510
13.391
156.323
43.505
76.855
362.371
63.826
30.080
7.897
31.233
195.675
98.398
582.318
4.936
47.783
500.069
182.043
1739.622
170.651
145.441
631.019
44.086
1051.519
52.732
66.589
23.074
25.826
139.666
138.711
155.928
7.412
32.836
69.521
524.097
15.837
1520.568
1212.025
35.022
123.574
4.624
79.235
23.221
6.971
123.549
28.133
85.626
17.599
1746.340
21.871
114.776
1831.971
1025.439
33.407
1286.651
502.561
23.015
700.577
451.131
52.836
2221.383
24.892
15.622
83.820
308.087
1522.679
93.572
3315.009
297.072
39.454
125.476
381.045
777.416
165.720
617.458
40.079
43.792
345.810
765.216
221.008
39.772
231.211
518.986
658.946
43.671
2467.865
402.925
3045.628
72.951
25.030
394.002
1235.558
4.555
366.830
71.803
654.509
28.422
77.905
918.812
44.413
47.593
805.151
175.614
103.937
227.395
94.767
1445.448
5.475
3933.683
40.624
319.356
20106.400
160.897
10403.821
619.316
99.896
187.324
18.905
23.171
97.470
935.619
26.667
313.055
1489.565
45.792
144.763
26.591
335.453
27.572
68.289
1620.254
331.267
15.885
102.468
28.414
34.678
1253.299
2496.761
168.483
260.350
8.330
5.645
759.614
28.844
38.845
45.551
12.951
83.998
532.870
69.040
1023.983
399.051
18.557
12.928
403.254
123.170
45.239
269.729
4.748
1214.367
121.181
12.148
34.650
24.922
43.248
5829.412
398.724
142.633
362.918
371.820
2119.585
46.561
98.158
20.499
12.983
123.120
32.516
56.444
6.205
838.833
101.586
18.448
1171.204
27.928
58.983
216.060
45.747
1204.137
698.376
1608.936
659.763
13.019
131.530
504.131
657.707
1419.579
784.634
122.216
96.603
597.417
376.957
68.841
7.413
29.458
45.664
292.819
73.840
26.209
35.033
34.825
10.962
88.685
32.665
106.468
43.911
819.432
30.628
268.244
68.850
64.509
35.901
126.455
8.677
22.533
5765.527
23.959
60.166
747.970
426.369
2390.252
80.124
422.671
368.447
59.409
213.646
621.433
13.296
1078.017
1852.992
275.546
872.228
1656.810
34.865
4625.945
189.475
1124.503
141.794
110.661
15.583
1145.569
183.971
610.273
134.619
405.629
282.468
5711.097
290.143
32.753
190.415
52245.176
16.244
23.630
10.680
20.063
21.819
627.608
100.048
222.234
532.690
598.540
13.237
733.988
5.820
1076.060
13.342
53.017
115.073
5.574
36.536
973.739
410.324
470.924
21.417
132.102
179.490
26.420
44.239
73.909
71.224
30.321
52.536
47.106
74.764
575.182
100.745
97.010
1090.951
82.264
366.373
26.891
531.498
29.681
7.723
34.725
120.665
26.884
22.230
560.786
1168.169
1950.639
56.885
151.783
9.308
42.769
92.956
29.234
3070.783
590.455
522.674
89.799
314.290
30.970
72.987
111.072
91.799
44.769
64.209
521.244
803.339
61.749
1161.749
31.189
2009.932
1395.482
10.879
15.171
823.998
552.936
29.813
77.184
103.284
41.496
42.399
117.084
490.684
390.377
268.574
174.925
372.759
1903.726
13.146
17.898
60.950
20.707
14530.613
85.207
396.763
1912.905
20.376
901.810
1436.006
797.173
29.673
360.196
3096.970
186.317
166.805
1146.624
99.069
78.474
32.590
680.874
11.311
45.976
281.897
169.286
115.033
109.052
369.990
52.925
685.538
226.349
34.145
1548.051
814.777
56.815
26.294
26.539
124.804
2595.820
242.324
72.681
39.271
94.540
72.445
25.821
27.558
2222.464
61.718
37.012
2054.165
755.360
43.711
20.799
89.759
25.648
948.566
59.806
58.498
360.516
259.531
140.733
1442.004
62.043
1334.155
64.095
415.880
836.398
58.383
212.511
25.008
383.629
17.495
69.093
188.578
11.896
40.925
20.313
65.405
72.706
51.021
67.226
930.409
57.481
96.290
649.680
53.797
120.165
12691.873
732.346
22.393
1077.114
217.459
3999.468
28.624
1376.257
213.085
200.750
2203.115
1026.374
459.354
590.521
1115.029
17.799
465.264
466.593
707.529
161.471
147.820
292.029
100.040
28.699
109.920
14.976
229.508
789.974
18.054
11.177
46.193
47.267
64.799
36.630
37.072
4034.798
91.000
31.066
36.254
20.911
9.142
12.096
36.183
111.544
134.674
132.390
2139.294
26.842
886.970
199.481
1880.208
43.530
97.840
34.873
599.939
100.572
28.081
7.053
1011.152
509.649
1870.985
194.031
30.258
20.120
49.735
1057.288
59.788
17.722
28.499
21.271
28.040
633.905
164.062
27.118
39.480
19.228
36.224
2031.813
116.914
127.947
119.650
468.675
5.969
106.797
239.357
49.800
562.203
63.155
8.516
8.969
98.498
38.090
104.621
53.037
28.220
45.635
72.170
319.109
174.394
12582.000
743.560
40.721
34.266
724.745
77.121
106.297
2457.278
1476.940
221.614
1213.818
42.207
23.121
45.164
2079.116
546.045
500.430
17.702
1853.784
383.352
160.336
135.891
161.435
261.729
359.032
273.553
170.181
70.275
31.797
38.996
1199.557
89.055
14.071
11.939
617.444
23.138
21.405
158.662
1063.279
1621.665
3814.201
73.900
204.099
965.258
1026.787
429.656
20.161
38.820
304.973
949.678
33.838
278.947
490.598
363.101
282.711
128.845
44.190
858.971
116.201
89.887
10.294
1457.871
458.622
66.699
24.080
359.883
220.618
28.423
153.017
159.393
1077.478
1609.617
47.326
23.237
54.256
2852.326
748.361
1933.280
719.400
237.061
40.434
12.044
91.472
233.776
76.960
180.925
502.230
51.679
47.473
170.968
57.427
90.613
254.226
14.934
71.408
107.463
1078.751
861.757
19.267
5.834
20.396
174.062
98.076
10.948
75.937
32.441
112.306
27323.664
579.497
59.958
48.979
19.293
111.211
37.389
494.858
349.537
91.067
1964.518
253.251
181.252
2829.602
35.568
145.898
2835.810
213.876
21.048
446.789
22.775
856.746
34.364
3229.030
44.563
278.125
6.393
408.108
9.358
154.211
4246.229
117.914
64.258
252.695
688.976
8.935
884.047
9.357
30.642
34.914
565.363
332.320
9.016
1226.625
820.651
443.594
432.196
1277.658
41.112
614.188
8.449
773.409
19.571
44.746
225.223
225.003
68.176
17.296
74.103
13.725
1020.864
22.436
211.680
122.422
44.272
9.514
1297.372
417.201
33.052
16.569
100.906
76.974
28.204
988.393
42.566
32.578
36.090
98.562
44.502
35.128
474.932
322.569
183.329
80.701
5.439
1637.143
7.020
125.574
12.631
1621.059
430.134
172.990
11.002
95.871
124.808
20.376
177.071
82.267
517.668
322.937
56.033
37.345
13.801
40.842
49.392
22.169
290.204
54.911
800.248
18.184
536.029
553.595
688.443
33.303
511.499
29.099
29.083
42.338
37.058
24.113
627.482
829.606
1492.147
60.610
1829.859
27.161
88.077
1419.614
13.357
19.901
52.556
405.361
44.033
454.540
10.895
18.432
181.244
281.603
1994.567
550.299
29.953
8.080
65.465
60.108
27.140
71.957
113.616
57.912
233.621
3.745
13.604
8.485
30.483
13.308
472.106
639.497
22.208
32.616
37.082
28.334
498.081
9246.443
300.861
18.495
3549.309
422.895
37.214
41.270
141.753
223.272
44.596
465.060
45.191
7352.234
128.438
114.073
5.568
44.308
54.438
350.160
53.632
10.362
7.745
598.558
710.697
557.456
212.344
36.951
129.528
38.156
64.696
172.779
78.839
26.254
1459.452
19.126
1257.842
521.046
786.766
56.962
36.799
440.105
16.087
615.344
121.670
65.097
1150.810
73.976
769.074
2496.761
94.630
13.233
15.682
596.864
15.821
588.722
9771.072
61.946
39.019
32.255
56.183
43.227
221.156
711.476
778.665
160.189
43.296
214.004
300.512
44.799
19.074
1360.869
49.075
208.526
161.815
399.396
175.850
116.866
11.617
455.517
43.173
768.056
413.800
2880.364
855.557
854.993
13.595
16.093
448.304
560.099
80.673
709.768
382.368
38.754
18.125
9.391
113.952
24.501
55.417
6.657
189.847
82.540
194.161
20.679
940.252
619.987
761.181
1745.344
450.940
105.083
19.868
57.539
66.210
560.274
116.270
14.632
16.902
1880.267
98.018
6.601
51.899
49.867
99.451
29.015
21.620
18.197
735.581
102.446
1176.731
26.629
5299.451
3156.577
56.331
602.960
225.022
70.099
79.455
48.729
27.882
244.176
685.143
1821.862
283.424
17.762
30.774
44.122
10.247
29.807
21.994
1526.744
41.664
9.348
59.830
79.620
11.603
975.539
90.848
22.161
557.422
41.104
96.565
180.977
202.425
960.307
12.479
579.447
22.519
16.181
48.561
72.275
23.120
22.244
182.972
415.783
17.278
14.255
15.199
109.288
31.482
47.506
146.909
67.902
62.009
633.386
866.518
532.966
937.539
39.343
346.015
84.344
3715.421
1913.746
9023.434
72.004
7.209
31.363
88.279
299.030
17.639
1154.133
151.487
17.192
25.772
35.711
16.479
8.667
25.090
45.432
75.753
60.429
40.548
32.041
38.793
285.009
104.189
61.085
29.869
30.619
311.316
1549.880
94.855
252.295
265.413
434.016
25.134
82.500
40.216
127.948
141.253
584.772
824.149
396.565
45.155
191.581
933.538
34.917
205.982
1417.051
1764.193
46.126
1527.413
43.194
10.565
7389.018
29.437
1378.979
641.699
44.777
197.205
4.859
285.987
1674.624
134.157
27.416
406.822
79.386
27988.838
152.693
599.794
120.459
2980.257
271.445
209.898
3410.977
22.360
72.201
7.925
21.483
65.322
46.104
212.278
13.346
1550.144
9.654
1470.826
49.948
6.973
67.121
74.543
568.057
524.490
37.398
14.695
164.918
437.810
111.049
349.404
20.184
30.563
5.177
320.412
59.220
286.185
34.852
310.442
15.274
270.848
773.745
52.140
38.097
25.672
110.054
246.059
18.030
579.243
1007.844
2426.839
21.789
47.654
1851.896
249.039
948.980
25.957
190.546
958.002
1051.500
69.761
252.203
13.062
430.523
74.978
26.834
3631.870
274.497
57.568
147.262
46.467
114.621
3131.044
73.500
627.383
50.262
114.628
516.265
12.916
1048.917
47.467
14484.955
25.492
33.882
29.241
16.594
234.707
46.296
33.882
7.199
83.557
21.069
357.406
106.388
24.801
59.547
529.891
84.362
197.015
17.639
39.311
432.894
198.072
126.322
13.963
4.748
36.724
69.450
19.552
231.252
49.983
33.267
66.816
26.023
224.980
10.149
15.262
6227.710
7.909
15.262
20.326
32.931
2894.268
1030.214
2013.714
8.116
1491.026
39.420
157.617
11.781
47.636
10.362
80.777
94.177
48.276
604.717
78.925
17.749
3021.048
19.444
245.666
118.961
31.041
61.690
53.957
48.375
27.743
172.205
29.783
24.764
1082.394
62.414
699.121
1002.232
93.073
54.863
346.612
266.152
10.213
22.665
25.277
23.600
120.457
543.304
65.173
48.526
118.103
1005.750
105.481
76.109
259.966
118.679
23.760
462.055
106.517
86.639
118.707
515.825
85.474
42.517
16.633
140.910
63.158
269.560
222.887
31.583
844.723
76.819
47.228
145.393
24.677
13.239
198.815
7720.816
256.484
1175.706
60.634
61.034
24.110
1000.372
645.009
19.017
81.200
85.511
27.094
164.711
40.376
190.238
1311.505
80.246
44.068
1148.952
50.059
22.677
130.528
180.418
74.189
42.103
7.651
9.408
126.993
11.867
819.826
119.706
50.795
330.855
39.794
286.106
933.337
44.564
309.863
3759.672
937.599
1760.843
25.172
891.969
114.671
38.021
22.319
62.781
79.851
2659.036
43.874
14.255
560.984
43.214
35.242
215.250
116.769
24.432
399.148
124.604
405.985
11.740
856.234
109.423
245.329
32.700
75.805
1248.791
52.878
31.170
511.485
982.757
204.718
103.692
146.727
20.020
56.548
34.531
80.800
517.807
37.111
44.562
658.395
1377.584
696.418
7792.986
172.886
602.763
134.589
121.458
522.378
52.241
138.373
705.219
18.867
14.140
13.290
29.330
59.170
52.014
362.470
328.404
38.885
48.356
37.383
23.090
947.599
438.431
780.582
187.256
1761.438
72.141
22.826
822.782
22.066
11.504
16.833
26.976
44.621
176.053
6.984
765.069
37.782
84.170
4.302
187.769
12.666
50.705
6.859
7.564
173.379
333.526
2723.704
327.353
29.813
191.711
17.357
11.361
561.495
24.161
18.358
767.914
89.203
8.444
9264.008
39.371
22.280
179.000
46.180
43.654
879.201
5.820
8.618
27.579
203.425
163.370
794.378
295.791
23.211
33.230
46.562
45.881
21.571
2397.439
40.816
321.377
1308.691
2040.715
90.963
5.439
73.629
57.801
107.976
179.995
282.744
11.226
91.694
48.180
144.084
20.046
87.393
17.161
96.100
24.191
63.213
10.947
937.227
17.622
16.478
25.638
131.554
75.585
5.097
29.268
380.101
38.589
47.983
30.243
24.369
21.368
35.327
1583.370
49.878
16.660
351.913
173.554
561.615
127.758
83.184
42.896
175.030
7.613
237.080
1325.062
19.602
1066.849
48.390
79.094
50.741
14260.469
32.486
25.999
1078.221
1195.329
31.697
224.751
12.554
38.541
172.988
43.630
39.198
18.966
1938.307
12.679
90.512
26.840
218.130
29.063
47.637
1206.245
140.826
19.952
37.594
186.769
12.712
27.119
1040.489
38.583
139.925
56.522
30.215
182.410
154.509
431.231
641.822
207.250
681.141
88.139
39.671
6.101
4.748
502.202
126.076
51.093
14.562
100.718
42.637
13.496
58.094
1468.945
9.403
456.990
632.605
86.444
49.166
10.758
17.604
758.550
51.410
19.658
23.237
412.674
654.180
187.168
15.384
181.233
209.977
35.406
86.966
25.090
30.289
16.688
835.686
6418.686
3686.082
572.327
106.987
21.976
9.439
29.215
969.830
43.894
12.861
21.607
2431.257
119.819
176.072
235.495
125.289
105.096
19.369
3847.983
33.872
152.554
1298.155
40.429
52.868
41.817
1784.099
37.830
246.640
2047.390
16.244
55.597
198.883
56.495
2098.632
109.588
151.124
64.454
64.316
62.764
1199.342
401.707
47.559
19.492
981.942
2188.171
55.028
8.637
645.829
139.757
27.504
21.060
378.528
675.906
47.376
133.343
1103.592
55.119
80.392
3205.490
358.710
970.838
84.750
115.909
72.020
109.509
316.054
51.980
55.968
30.590
201.709
2095.812
9.310
6036.996
31.772
270.366
135.378
582.989
9.495
17.282
63.340
891.719
319.158
48.618
1537.284
327.024
21.990
46.771
70.064
335.860
649.799
857.588
214.414
495.780
206.900
1560.169
74.988
403.918
1289.197
12.722
184.657
24.791
156.589
95266.336
1419.833
58.556
13.852
3675.807
15.545
28.747
75.659
90.118
581.676
78.795
32.480
24.173
1551.616
245.395
8.830
67.827
675.082
1976.449
2927.045
14.973
29.939
676.180
494.493
578.088
86.506
1298.840
81.102
215.730
35.701
27.986
42.152
546.385
862.512
90.074
790.704
83.878
401.225
29.220
77.140
1568.380
43.700
12.552
1708.298
57.637
44.795
436.059
19.847
345.057
543.830
1228.938
48.885
583.113
868.032
1450.585
65.911
93.976
213.183
49.663
8.424
61.555
41.991
171.495
36.087
55.907
42.128
217.089
32.488
73.201
3.211
111.921
41.309
10344.855
51.624
2146.963
21.636
254.506
24.875
485.432
26.643
5.778
6.386
11.799
171.060
231.452
27719.482
6.036
63.505
31.796
118.845
48.000
77.420
49.690
37.037
159.998
46.847
17.861
862.137
54.858
100.579
93.407
307.622
183.744
354.613
5085.644
1145.419
19.357
548.670
2853.959
434.918
65.776
76.260
315.692
234.151
24.674
25.788
209.317
29.595
300.259
37.247
9.903
141.220
59.003
462.220
136.343
947.042
319.850
92.118
36.254
49.116
142.306
396.776
13.158
1866.923
1672.036
116.250
227.924
45.550
162.372
217.862
655.991
17.970
15.040
65.315
73.513
27.721
42.715
469.744
41.361
648.075
24.582
2179.063
10.724
14.679
22.529
50.817
3145.599
15.225
602.144
3624.096
31.950
87.630
138.694
27.672
579.879
81.172
184.078
109.319
18.025
38.967
36.620
49.704
52.797
645.597
1351.411
36.441
98.129
221.600
48.795
304.853
41.086
212.163
31.101
3827.947
1614.259
8828.539
435.285
33.461
206.017
1284.197
35.443
88.375
235.341
80.100
17.258
23209.184
222.651
73.721
22.279
18.549
60.865
51.361
12.005
4554.109
1321.275
33.912
40.501
39.616
245.304
1930.722
116.662
454.115
7.188
30.910
366.224
56.588
26.687
4.811
1582.142
57.246
318.578
134.831
8.926
391.070
45.497
308.407
105.135
261.991
26.278
74.740
233.703
177.940
31.435
3378.596
32.110
97.710
63.135
59.547
562.127
41.779
81.577
11.397
26.722
153.361
1155.552
438.018
34.747
117.990
126.195
94.359
26.578
17.045
4.573
45.556
9.909
19.485
27.625
15.818
40.148
427.680
38.753
461.281
365.391
104.694
1255.171
353.932
1116.301
13.907
256.696
945.091
530.715
23.751
123.593
46.583
261.537
39.540
75.704
108.489
26.047
365.124
12.399
3390.962
10.142
24.646
90.685
44.539
44.246
391.659
29.485
657.201
60.480
15.768
922.499
49.681
151.133
15.772
70.484
89.550
608.854
60.709
56.943
10.571
61.194
8.296
26.103
1121.126
2197.073
31.965
561.037
49.317
76.680
48.793
60.766
520.912
459.432
628.040
9.013
95.008
1536.990
145.946
154.087
169.824
261.482
6.280
16.726
12.442
1756.740
10.822
168.192
95.790
39.667
4.624
845.340
769.839
244.616
672.646
52.380
15.164
23.194
24.664
1316.940
378.138
34.068
99.715
29.151
1027.583
72.070
548.938
17.779
127.770
109.564
514.654
21.517
156.447
51.257
106.677
294.811
686.408
28.440
7.578
50.997
148.368
56.163
589.994
331.856
1173.265
2833.663
1762.789
1026.718
84.800
64.715
39.039
41.570
26.837
68.378
187.266
49.521
27.410
1457.018
36.254
5130.881
92.313
35.764
333.276
25.678
100.978
129.284
548.053
14.604
35.170
1873.543
54.270
714.617
18.426
26.903
19.842
693.129
24.927
16.121
221.731
230.606
163.846
12.554
22.250
11.945
2446.556
13.499
141.650
56.189
131.608
45.858
15.031
145.614
23.163
22.879
299.893
44.153
145.353
49.216
16.791
93.306
172.033
20.733
91.228
15.792
33.014
192.473
69.278
23.274
749.750
61.168
81.342
188.420
428.350
15.315
26.360
15.344
125.318
19.124
2158.450
28.172
40.641
20.381
90.462
47.822
63.411
1099.498
133.790
144.652
85.900
9.350
42.395
442.542
13.546
139.838
109.295
38.678
65.370
4.543
10.753
113.247
11063.052
25.479
50.212
5.665
113.372
88.438
355.724
102.950
1246.024
123.909
10.107
82.930
1840.267
469.279
6.198
47.243
11.541
13.087
1726.614
663.863
10.766
2158.501
6356.406
25.853
117.963
93.122
2180.835
46.449
164.831
8.908
15.792
33.882
19.211
122.887
904.451
712.009
92.881
23.111
36.981
262.753
29.650
476.533
219.059
30.696
16.906
283.547
260.675
37.585
886.353
109.854
37.629
546.391
42.226
265.648
620.774
97.920
30.011
60.299
71.977
20.103
252.825
146.660
29.590
80.653
91.377
278.825
583.909
6.864
111.722
1846.750
184.930
322.285
13.922
298.286
147.392
34.567
24.121
133.354
21.770
314.474
26.489
14.229
1230.278
84.969
45.912
17.645
38.227
1313.331
9051.669
716.080
10.002
700.008
34.761
92.475
68.535
28.254
641.652
411.919
599.408
34.714
95.470
715.079
16.863
28.128
24.155
12.751
567.443
120.110
210.330
14.632
71.131
135.266
6.894
51.986
73.262
1616.668
351.113
1755.792
531.422
1137.967
7.287
63.130
20.846
246.164
16.868
27.317
2356.848
162.639
553.448
42.689
791.905
326.956
157.417
43.793
894.555
576.385
805.835
12.869
1187.072
10.888
22.161
25.752
9.350
1313.304
475.390
18.961
17.038
64.150
629.391
7.556
138.709
173.268
14.682
40.037
521.997
224.683
89.831
32.725
82.305
19.906
101.565
589.455
12.236
998.861
31.547
204.797
32.626
9.259
3175.414
14.557
53.109
46.423
519.683
4.748
1202.873
96.452
36.855
47.639
1553.779
90.959
49.952
155.801
143.462
1425.292
132.428
1470.088
109.371
483.419
195.031
1713.823
181.654
29.028
86.363
278.317
1017.994
32.812
1033.150
5.809
8.491
1029.523
32.737
28.186
42.495
363.748
249.470
181.287
16.840
41.959
1215.254
436.023
967.454
121.340
1041.926
62.349
12.499
15.154
41.688
4494.644
23.522
49.166
12.967
57.747
92.015
1085.886
42.572
9.068
85.676
7.799
700.424
29.925
17.909
27.926
481.037
14.352
81.044
118.202
73.001
8.476
105.867
133.739
23.974
340.168
30.218
4.624
54.867
981.531
502.067
153.136
186.242
2069.156
5134.963
288.525
248.485
2883.965
49.653
200.126
706.988
69.395
375.847
29.022
88.520
6770.161
63.751
114.502
18.221
79.636
143.360
60.600
92.929
544.646
44.278
7.480
59.824
3339.225
1159.671
35.549
1411.381
351.231
70.836
985.907
105.391
43.576
41.499
5979.052
275.030
73.607
80.074
83.195
86.582
511.485
14.942
30.236
30.443
88.008
138.227
32.137
366.238
214.483
49.564
39.816
997.472
13.800
849.082
32.535
373.518
843.866
23.903
57.276
3.299
41.683
622.195
99.902
98.419
45.851
27.533
102.434
103.697
16.438
4775.475
21.432
119.584
48.465
93.098
27.106
6.829
1062.492
22.999
213.979
67.252
8.878
443.156
137.978
936.010
45.127
35.254
204.602
9.763
28.177
52.249
554.595
4219.863
25.690
32.091
216.781
59.425
74.131
12.797
52.213
71.961
203.109
91.761
34.906
434.265
19.939
311.989
407.071
28.393
399.676
581.385
4845.850
1215.341
21.445
8.833
132.960
433.370
10.490
97.305
6.757
214.678
29.632
105.546
313.626
27.517
95.890
1040.382
37.554
421.470
1055.796
1164.557
726.871
1152.333
246.640
2359.269
811.309
1904.109
94.269
45.756
20.289
245.727
43.044
254.864
374.024
162.150
19.744
326.490
626.596
90.180
17.897
16.877
24018.629
99.142
311.327
179.794
61.530
31.330
54.271
6.700
45.875
140.371
65.958
179.202
139.747
27.105
63.984
2431.835
46.503
17.178
1595.464
95.663
134.930
419.431
680.603
113.969
44.903
374.069
635.959
41.724
141.856
3040.283
668.539
15.251
13.206
49.872
11.962
91.412
23.989
37.121
42.603
30.754
2091.490
64.823
26.520
120.683
154.352
9.904
192.329
259.870
75.895
930.166
1158.410
32.038
630.994
12.502
282.790
21.960
66.471
16.455
34.566
30.535
23.727
1026.968
3889.660
21.600
102.354
1234.079
983.628
118.544
1140.053
20.774
44.445
125.929
44.597
7.894
264.671
186.098
119.792
31.893
95.180
1574.968
843.721
223.248
21.695
1231.696
39.418
1369.207
553.140
135.320
11.075
121.869
89.880
47.942
62.200
48.038
140.094
61.778
181.734
13.248
485.683
1434.090
186.711
2416.439
116.318
10.291
173.308
48.782
31.084
141.652
4.624
15.705
35.369
56.260
283.511
34.482
32.009
23.089
224.295
51.405
78.491
1641.443
36.848
2746.788
21.184
125.481
36.428
420.389
152.954
515.784
573.600
56.279
285.516
132.303
1842.602
74.606
81.516
33.249
1933.614
11.902
16289.025
618.878
5245.388
76.948
33.650
1491.060
257.914
79.446
15.178
874.673
89.694
20.847
352.168
199.938
101.983
13.698
361.242
10.216
94.983
1190.847
15.722
50.609
112.637
238.923
49.148
26.077
97.881
26.955
127.883
23.098
97.131
18.687
569.400
207.115
24.414
61.887
22.107
430.993
2233.604
39.999
101.440
40.639
444.036
28.679
10.980
21.813
310.718
376.345
178.007
222.358
15.904
563.411
3243.675
19.217
2910.066
20.680
33.862
113.565
933.226
27.321
99.562
112.913
137.581
266.609
101.697
70.955
315.151
64.522
105.214
854.363
78.418
64.601
37.125
383.978
55.768
7181.653
2381.332
527.609
44.301
68.672
69.038
1128.191
25.085
45.129
624.725
62.895
621.794
151.678
17.938
45.877
47.891
125.794
1431.817
558.381
16005.641
10.335
81.343
727.097
1435.709
24.531
286.356
120.667
1459.525
177.700
38.652
244.149
281.253
517.984
440.228
5.472
11.876
23.527
926.555
29.458
312.080
172.464
775.306
954.479
401.514
159.482
1235.504
168.048
28.292
1188.489
351.528
33.334
2049.812
115.537
133.540
1482.953
729.568
1222.852
1214.880
66.181
791.779
255.549
318.697
13.094
195.205
275.683
32.037
319.741
583.909
21.333
969.708
234.591
460.171
157.958
1456.431
23.641
4.418
11.511
1614.697
3.745
6.424
65.326
50.125
50.292
257.700
75.403
25.642
72.748
54.407
161.132
500.016
57.363
1756.681
24.990
565.679
17.927
103.480
712.097
95.672
38.335
1597.457
6.486
310.986
48.733
5483.271
385.510
7.070
491.290
2039.895
39.609
5511.308
5.637
1892.816
16.501
6274.938
347.790
307.648
76.049
6.045
9293.094
1476.925
41.118
193.614
52.498
470.133
28.702
1404.109
954.605
31.399
1098.299
29.721
293.358
298.115
59.719
282.818
1897.989
49.238
38.023
837.226
216.497
10792.707
49.251
22.735
4257970.500
211.750
226.126
70.469
202.377
336.358
77.478
111.353
38.480
278.601
53.181
63.153
833.247
12575.187
162.124
10.318
202.059
52.567
394.952
20.582
18.368
13.676
110.554
89.847
193.724
16.017
158.795
27.089
86.515
63.117
44.046
1747.131
12.418
175.877
869.019
109.273
1058.965
16830.748
459.747
129.958
6.930
61.928
1419.998
86.172
13.344
39.842
292.499
2410.142
1669.981
7.287
298.675
229.083
370.529
112.946
28.625
140.948
25.562
21.428
1551.217
9202.467
11.501
95.589
428.113
20907.527
61.806
15.804
36.725
27.842
219.652
1191.647
194.164
1252.768
78.247
89.006
94.602
84.115
19.419
22.474
95.644
3921.775
647.248
2021.185
50.911
138.013
77.239
214.959
121.170
238.325
310.946
958.710
51.804
10.753
16.475
303.187
67.822
193.908
470.880
17.463
53.541
1015.146
43.893
7946.939
2264.662
6.984
243.219
26.851
135.642
281.200
5.226
118131.758
298.096
3232.956
525.574
6.703
5836.811
2345.390
72.644
471.328
10.099
84.039
12.902
819.538
1075.495
11.876
151.027
13.166
47.671
216.397
187.947
16.223
6175.470
1211.958
118.253
117.356
39.661
2929.702
185.762
82.049
1675.001
30.253
30.315
75.070
85.751
499.145
68.121
362.300
12.858
91.459
408.898
29.112
76.535
34.119
1375.049
55.489
16.888
276.125
122.067
331.378
82.463
269.219
252.642
394.107
12499.454
36.525
509.186
5177.567
366.649
336.771
241.091
33.867
1369.192
56.051
28.444
138.076
888.609
89.020
481.058
137.378
58.175
11.416
53.320
896.080
1065.324
18.530
30.374
21.224
1319.311
23.567
67.064
1091.395
1286.236
461.761
30.438
44.644
393.698
60.345
64.093
4087.478
48.303
760.409
17.861
224.681
35.745
279.748
20.035
112.660
6.567
140.191
1645.373
18.943
28.950
213.634
1023.970
17.379
42.266
2203.115
112.363
26.781
130.252
9.840
29.418
29.340
95352.953
92.817
46.001
8.620
913.894
35.940
17.141
205.154
161.399
105.764
407.605
700.260
275.933
135.593
1725.520
10.883
18.560
361.062
384.490
1181.457
1355.147
168.249
27.153
696.708
1782.729
1436.089
646.091
7.979
1545.581
78.049
38.639
54.019
446.435
132.100
75.915
91.624
134.899
57.571
714.878
52.108
16.369
43.116
1162.827
14.722
29.555
72.979
97.415
420.736
124.075
44.566
32.893
139.850
90.000
17.894
61.217
144.213
72.235
62.393
405.353
52.626
112.531
13.445
64.415
315.911
36.729
166.809
48.402
83.178
14.448
16.039
152.798
147.858
115.274
42.152
3013.828
109.264
307.074
478.890
48.237
143.213
725.982
41.288
2582.060
258.432
43.591
25.082
309.716
58.212
80.552
280.332
424.148
503.000
1499.510
8.345
53.381
990.418
20.417
98.259
31.351
14.408
206.297
350.762
12.550
143.878
768.683
15.091
141.584
253.396
786.425
689.856
36.811
26.379
186.259
90.501
1498.092
2431.835
90.699
410.230
89.610
32.756
60.366
23.068
818976.250
1824.900
1411.350
1502.229
4412.335
1601.912
67.071
414.889
300.577
78527.781
62.077
63.049
65.620
18.018
153.746
43.558
2193.911
99.259
22.296
690.277
164.734
1194.142
216.424
1526.269
1096.726
259.281
1279.859
113.084
125.676
3203.767
13.210
33.696
5.250
16.908
5.489
30.919
87.203
28.122
130.190
2866.970
1444.863
7244.940
74.875
13.730
39.705
608.361
87.384
720.230
529.248
93.606
71.795
971.132
25.324
1988.716
725.897
11.347
33.045
24.857
119.569
172.503
164.478
120.108
35.186
2548.642
44.047
20.343
71.044
210.295
95.000
31.219
45.038
2102.289
674.647
237.654
310.887
57.104
40.970
4.680
230.894
28.407
6.257
11.361
780.678
87.695
120.071
10.074
19.618
515.424
215.224
22.265
135.265
21.496
54.934
49.927
86.543
133.275
30.442
195.576
17.096
10.124
10.753
907.296
29.368
226.059
38.583
61.610
13.321
488.673
442.905
22.929
12.282
14.792
1365.607
415.615
47.233
24.074
52.195
283.008
105.421
70.534
12.061
62.720
4.748
557.289
41.020
1209.421
16.674
14533.398
32.446
107.272
989.074
78.074
52.024
5767.226
550.662
54.892
53.134
122.403
327.330
956.312
1221.211
54.190
64.153
68.382
200.865
18.594
25.900
22.844
37.311
111.267
323.342
18.410
20.490
25.118
8.850
166.325
52.673
215.368
30.902
9.630
24.152
100.717
28.731
8.962
130.749
20.609
24.658
41.055
69.163
61.484
246.640
1404.194
202.905
141.697
112.932
391.890
359.222
168.164
13.693
103.887
104.028
20.655
1210.622
26.731
336.772
40.539
35.836
39.840
235.067
156.991
108.857
801.385
44.688
130.620
505.382
148.681
37.306
47.524
317.926
106.560
22.690
48.763
83.223
15.833
113.815
29.436
14.933
30.140
562.553
1800.572
3323.045
8.243
106.119
89.313
61.403
13.473
337.538
661.658
75.611
32.718
9.526
14936.151
56.700
5.820
14.454
7.065
6.157
64.538
34.634
809.460
98.530
54.978
45.265
86.595
8.959
502.538
2192.484
6859.712
88.078
270.738
107.413
455.059
9.446
41.096
415.882
21.860
37.654
310.752
416.665
952.945
60.780
10.753
76.058
48.864
50.319
710.591
10.905
283.185
26.968
8.484
25.830
8.253
11.501
1378.226
81.254
127.140
47.507
19.708
578.283
62.892
66.694
573.011
784.720
347.349
2575.869
100.957
141.766
4.636
43.623
39.389
136.006
15.683
73.764
47.687
142.456
153.872
14530.613
5939.213
1528665.000
1217.192
8.663
540.349
71.607
91.480
6.864
855.627
38.722
99.664
49.617
15.886
4.041
26.183
636.461
137.270
1032.498
2009.932
135.886
1071.855
435.882
139.025
17.869
25.610
26.684
24.041
16.953
12.264
609.319
199.624
8.593
205.963
33.211
732.026
601.627
7.796
493.496
167.070
49.597
1432.142
165.972
82.106
81.492
89.648
79.042
496.180
104.638
11.614
622.808
5.445
234.409
180.875
532.693
1772.783
189.619
25.626
58.466
445.935
35.763
342.127
25.590
26.694
10.389
18.871
2035.988
127.418
139.799
2080.692
34.254
46.002
231.846
800.172
7523.774
93.305
115.954
1707.442
113.826
18.317
91.833
353.360
140.003
7.321
258.078
213.289
280.299
163.601
161.502
6.571
27.713
1407.124
770.686
147.601
1631.877
2251.118
214.173
272.689
302.257
104.254
94.277
557.346
14.549
8.183
43.975
31.481
73.474
15.547
7.385
232.019
46.074
1993.810
582.588
5.887
482.083
52.791
289.977
930.074
8.076
276.160
30.003
2128.605
137.703
25.044
1180.293
19.413
65.962
87.737
60.200
309.041
2778.043
1418.686
32.563
3213.663
30.395
19.724
124.419
26.059
36.532
556.948
9.716
46.420
294.640
15.626
11.909
366.566
49.437
30.205
1177.993
16.699
677.836
231.995
1220.130
40.721
251.657
27.256
51.944
457.069
10.647
232.204
811.378
522.208
713.128
873.577
59.521
12.535
194.418
53.997
25.014
136.102
9.221
40.987
14.756
323.735
22.027
119.703
130.727
90.726
255.632
83.080
313.907
10.335
45.542
447.919
88.582
15.550
1042.470
81.550
7.050
15.499
652.621
140.613
2971.893
256.582
70.602
765.983
1539.362
108.504
1732.657
72.049
8.192
421.919
326.277
41.289
24.138
487.094
670.021
22.428
367.808
604.032
137.198
72.819
46.752
146.549
133.964
228.287
2368.573
16.716
758.631
36.461
35.270
1211.215
310.034
94.591
121.188
72.884
2669.844
669.995
47.887
1537.236
767.720
910.846
56.618
652.843
60.053
1324.516
98.835
116.252
8.756
4850.886
85.316
34.992
38.864
142.750
80.549
365.850
17.346
28.353
542.979
37.740
2146.135
1168.119
6.109
136.616
37.111
128.800
74.922
33.416
856.312
69.916
55.513
694.613
42.603
27.224
160.185
18.117
447.977
27.410
2133.817
70.127
28.333
31.205
872.102
12.293
23.368
618.008
14.214
11.018
28.989
15.944
167.120
55.866
76.468
30.954
97.785
64.004
175.364
38.840
420.648
1778.493
8.064
9.317
443.512
121.369
224.594
119.933
951.871
716.710
56.390
39.495
540.466
23.552
6496.448
899.387
83.341
12.489
66.876
699.262
15.285
42.058
129.728
50.757
44.386
106.368
14.947
227.522
54.455
386.092
249.328
284.643
95.797
20.463
259.710
10.538
72.518
38.279
354.298
308.728
52.626
97.125
97.472
20.989
1785.385
124.309
256.714
1475.437
893.096
50.913
86.527
76.308
244.738
7.578
536.076
270.735
58.475
236.503
13.790
50.103
63.434
972.914
60.226
377.059
1815.128
41.146
410.473
1194.387
921.373
94.624
93.676
4.302
49.680
116.658
21.802
1112.208
82.209
500.913
7223.746
5.097
58.784
3.822
28.585
43.741
109.921
17.114
13.371
110.912
20.706
22.828
197.495
424.559
3754.552
151.131
259.625
2700.796
40.227
1141.495
23.721
592.538
1209.412
515.916
430.942
29.457
61.381
407.275
621.609
13456.049
32.392
399.991
22.995
872.334
1062.054
80.140
47.494
52.342
541.808
40.543
771.527
12.629
353.630
170.105
60.728
82.836
9.398
5602.825
530.369
472.543
32.430
61.282
136.061
49.029
10.050
28.530
18.581
47.212
82.566
703.990
296.077
703.575
216.086
22.865
4176.085
132.475
173.455
809.384
41.191
45.797
199.346
12.482
11.017
69.418
119.827
49.584
4134.985
2173.731
85.052
39.778
1638.856
144.795
23.444
222.901
28.254
5.559
795.507
95.602
915.231
62.233
253.368
4947.806
124.364
33.057
43.048
28.363
29.599
24.926
20.751
199.046
2457.266
12.644
191.986
752.298
16.788
127.200
309.563
221.176
64.305
36.876
122.929
560.396
47.726
60.329
235.719
57.241
3095.653
98.180
36.217
63.741
178.511
37.281
18.344
246.591
754.726
61.247
102.804
1730.746
40.953
36.516
22.930
2888.607
138.674
5251.905
1563.380
61.974
115.321
2318.865
14.737
1013.499
66.427
32.748
498.827
30.987
99.546
385.675
197.855
483.423
616.646
248.506
19.643
384.559
97.071
361.151
67.724
49.192
3672.471
361.627
1431.492
115.458
25.603
19.907
72.690
516.905
1207.911
561.962
187.324
2014.529
24.232
10.309
1506.862
175.236
2079.240
28513.146
90.403
381.682
18.676
32.461
163.538
208.490
308.346
1231.696
292.111
352.828
220.799
4.829
35.347
545.388
126.545
195.867
5.226
122.892
612.280
50.050
573.727
16.102
42.678
370.378
13.785
41.703
2163.937
38.757
352.786
23.203
27.717
20.966
1522.813
274.336
12.047
155.212
54.493
1386.539
20.427
33.030
55.117
75.135
9.890
41.425
93.565
3350.245
50.220
13.601
983.517
121.769
27.352
952.436
926.990
9.876
29.392
1563.796
52.515
59.093
455.160
74.520
148.840
2177.360
977.727
451.874
108.210
24.274
46.108
101.054
87.104
1005.365
1798.318
505.729
1943.631
11.537
30809.223
13.865
309.532
1238.563
685.798
80.884
47.064
34.364
136.476
4.573
205.002
132.253
30.047
92.700
40.395
460.053
471.294
425.165
36.774
263.770
193.354
39.247
46.327
1338.863
120.268
941.600
8.632
1774.858
42.485
61.896
47.970
12.655
4.174
25.820
25.535
38.216
105.469
561.774
56.639
24.166
444.616
254.380
35.077
1803.095
401.402
83.776
128.638
1310.060
17.713
18.841
3348.846
67.175
21.565
514.748
33.953
1614.697
20.457
153.147
107.577
127.185
1472.347
440.188
50.914
711.422
103.083
1154.241
129.839
15.804
28.156
11.264
193.859
413.302
286.591
17.095
269.100
1172.944
11.074
1745.604
12248.963
147.120
1047.547
23.717
223.252
443.654
268.082
2770.192
355.962
500.081
40.736
21214.082
135.393
677.981
35.932
125.139
64.968
264.682
60.962
81.674
121.372
331.797
12.858
700.795
11.648
109.298
226.994
461.491
498.849
34.183
194.409
293.595
440.263
29.413
48.331
11.525
1144.441
38.040
80.303
3825.907
103.219
61.090
2047.652
614.849
13.392
33.314
19.657
6.367
25.179
38.812
117.215
53.917
82.461
1351.226
102.171
28.819
2612.412
406.441
403.200
42.731
543.062
58.095
852.081
32.630
116.836
38.312
1082.929
37.662
389.272
149.032
4.680
138.571
66.958
11.601
415.408
697.033
228.380
1033.967
10.873
25.693
85.430
61.159
80.450
136.969
48.733
1158.396
32.899
898.037
65.742
12.076
220.424
28.117
34.836
4.302
21.198
71.626
410.986
2728.521
71.308
37.763
4738.384
431.678
42.595
135.091
398.873
563.160
347.520
2337.989
11.618
1013.169
42.010
53.611
104.282
31.582
271.893
5561.313
143.971
16.784
21.096
44.846
14.613
63.265
236.959
98.589
171.880
541.181
187.230
2691.674
74.976
55.063
22.601
48.348
600.107
50.699
44.525
164.653
5615.460
2802.679
3010.306
87.235
51.980
37.288
55.692
576.778
47.568
21.927
18.817
1478.050
160.612
18.302
142.604
3022.068
139.720
1598.008
1383.520
27.134
5.820
56.691
252.142
11.519
561.605
50.670
20.744
99.301
1283.063
293.054
52.504
920.463
977.259
72.624
112.066
514.964
698.267
2619.845
10.753
716.203
60.809
53.785
65.962
45.876
113.937
36.920
5530.695
15.486
5.763
55.367
150.535
12.308
51.055
19.093
176.261
842.487
28.089
554.396
220.351
102.829
1624.776
89.995
649.600
36.570
3868.537
39.424
38.176
45.278
410.239
38.482
142.407
1590.147
413.834
138.145
14.901
87.999
1735.098
91.869
20.986
2331.598
15.772
430.316
502.297
173.072
9.890
68.124
6.035
166.972
490.365
4.905
1121.744
641.564
17.257
244.574
697.503
339.847
435.426
1351.714
24.573
220.045
13.111
69.932
1494.608
46.004
79.043
438.393
813.659
40.655
145.739
32.606
180.089
12.679
29.175
2008.636
25.089
40.426
42.032
14.682
122.322
36.411
1342.742
69.272
30.127
21.393
3.694
264.174
1372.501
777.640
596.044
17.336
327.205
2431.835
73.515
871.771
33.506
34.619
114.396
100.964
239.828
80.493
166.192
238.651
92.494
2509.651
151.998
610.365
29.068
616.053
1721.221
147.396
74.726
1681.361
50.772
24.337
244.725
94.612
381.925
44.855
7.363
93.339
521.484
567.220
1316.681
83.889
125.757
1805.636
621.182
62.722
149.106
183.303
447.364
9.106
40.400
2191.181
180.912
75.109
52.698
12.419
40.721
28.940
19.269
894.148
19.972
31.332
467.393
20.165
466.907
114.889
780.534
211.075
47.385
66.007
45.510
36.947
225.590
33.311
1419.161
400.389
52.442
71.803
609.078
22.176
272.094
14.542
94.346
241.293
6.428
2267.842
453.238
561.426
836.104
4800.374
138.404
28.328
22.905
294.522
18.379
1956.655
14.023
56.362
1245.537
711.401
272.223
4798.877
133.032
27.251
7.853
44.283
236.367
16.188
829.902
99.928
313.817
837.749
34.605
26.697
4.624
938.364
236.683
68.304
226.263
15.239
1076.175
45.687
24.941
32.551
2156.264
11.856
377.452
19.385
341.703
1190.741
86.190
54.435
1501.590
12.951
252.023
15.792
28.072
491.982
16.313
19.800
137.956
52.499
909.994
26.810
189.366
98.200
10.217
8.416
53.981
520.477
642.086
35.699
109.922
362.371
87.287
176.052
53.545
90.595
539.982
28.152
469.529
2428.723
32.973
155.936
23.873
15.319
51.373
877.881
764.021
809.135
1492.078
83.008
133.840
23.291
3.299
35.279
53.591
211.433
133.444
109.622
22.001
417.177
24.955
43.381
27.284
547.290
129.005
61.484
412.368
28.362
254.875
10.309
62.095
99.538
1452.351
2939.433
1299.988
55.213
45.604
135.786
23.296
781.681
82.918
175.963
18.915
69.197
32.864
664.883
1623.347
165.629
390.524
412.564
271.323
35.451
30.425
35.769
1162.907
18.087
71.734
180.730
26.652
197.623
1117.727
65.716
48.721
47.477
111.254
20.796
116.956
2938.917
1025.172
254.043
84.318
99.158
9.819
19.909
390.229
89.066
242.341
928.132
111.301
196.222
26.742
27.154
740.187
322.979
44.074
18.824
834.801
2905.172
67.713
21.595
79.475
88.953
1067.652
870.681
83.293
877.326
119.699
881747.562
894.718
56.431
2048.012
33.840
78.292
385.723
12.533
92.978
51.602
343.850
261.688
625.824
1384.180
34.315
60.704
204.643
42.805
459.898
45.904
141.209
540.822
54.153
238.244
92.057
1165.468
129.550
38.579
156.059
711.721
5.979
896.396
28.263
128.973
35.840
13.080
45.342
626.411
1379.598
771.826
11.142
56.596
12.982
107.940
379.541
6.023
440.048
563.767
1237.567
7.932
61.890
696.326
36.263
41.240
76.632
8.406
40.812
20.443
4089.111
3083.475
296.451
75.995
185.632
44.214
28.157
27.919
24.345
144.128
1579.433
1268.517
153.504
4521.484
65.836
1238.358
11.909
307.682
514.880
15.950
42.174
238.485
375.679
200.361
34.113
532.327
1598.817
16.859
111.790
116.677
46.946
1608.220
77.843
14.839
75.993
692.039
22.974
43.841
406.146
38.141
727.090
52.847
1427.052
31.678
17.632
58.131
130.195
136.180
2093.568
155.578
3229.212
155.440
26.058
101.523
40.363
164.910
494.436
13.672
28.623
1149.651
12.246
597.854
331.900
191.552
83.894
886.767
17.759
166.362
164.138
15.189
1390.436
74.619
276.707
28.939
336.470
58.496
109.475
91.652
55.408
77.612
17.265
36.456
165.595
28.180
65.943
4660.036
336.345
54.547
33.547
30.994
52.482
73.512
664.160
1892.718
29.962
271.456
8.643
69.909
15.710
15.324
1831.784
2030.551
17.802
48.714
23.972
9.841
342.114
14.616
16.010
144.268
5569.715
63.938
22.930
11.801
583.748
254.639
2950.196
18.984
41.916
1072.290
371.516
1639.338
17.722
78.999
872.974
53.185
42.781
127.288
41.146
55.316
7.090
36.178
42.826
16.637
399.541
3.599
7.093
54.956
65.227
505.721
21.108
60.275
68.741
3715.811
79.356
2641.690
70.473
25.918
427.308
436.044
18.257
277.103
32.432
31.345
151.015
1523.912
409.750
98.134
151.772
323.250
273.977
24.970
87.396
346.695
5.063
253.033
395.418
312.487
86.118
413.802
7.890
21570.135
897.222
58.959
57.832
50.859
79.356
9.472
46.604
33.920
31.583
7.244
6.362
27.054
1578.276
1736.077
14.285
133.188
37.551
13.723
401.329
997.942
42.454
49.167
110.898
91.113
345.663
27.752
197.245
585.462
587.611
305.399
1346.000
77.835
10.272
100.475
162.021
828.702
55.817
720.599
30.336
367.640
21.015
290.872
10107.309
154.929
48.151
32.978
10.945
1525.639
29.783
17.489
21.059
12.166
1354.272
209.967
6.756
41.126
1798.439
15.664
31.135
781.916
22.189
254.742
4.302
107.177
47.391
13.645
24.814
693.545
887.355
19.864
267.382
49.767
21.644
55.760
25.607
1310.948
27.216
16.833
19.114
74.270
261.173
6.907
437.756
689.070
204.126
611.293
11479.380
31.793
23.647
831.011
138.860
243.554
15.620
54.067
330.007
14.150
486.849
24.162
35.171
225.950
10.985
27.113
21.012
70.440
38234.066
13.920
96.951
25.963
100.060
6159.735
232.019
78.339
7.220
146.308
194.119
92.077
6.157
31.005
146.813
120.318
32.083
37.180
68.756
2348.217
5.395
347.726
103.704
69.630
650.683
239.220
73.941
318.702
216.956
98.842
11850.135
55.806
44.161
1717.005
107.613
62.275
797.313
73.130
30.318
172.559
23.841
285.373
31.307
9.236
408.857
23.240
237.130
65.278
102.184
710.190
36.581
45.823
126.141
24.744
71.513
179.038
12.354
1508.102
9.144
77.538
28.275
18024.566
60885.730
35.880
346.694
109.352
24.499
119.115
33.451
22.184
8.750
2858.182
88.303
596.949
7.005
21.385
834.955
30.969
24.952
694.753
1514.875
122.330
384.341
25.969
601.602
58.499
5.437
25.351
224.425
17816.172
4.905
417.563
44.449
37.112
55.248
104.906
45.422
27.580
12.667
15.248
11.855
13.563
367.213
18.152
27.134
29.536
22.200
20.448
29.046
491.527
41.199
4611.643
209.868
384.711
767.905
14.482
343.730
12575.187
623.460
1598.365
100.366
745.580
73.323
19.811
22.413
84.240
11.983
8.986
829.771
227.191
66.714
187.095
424.483
350.258
253.580
674.401
74.357
49.084
33.391
206.911
555.771
445.849
12.606
915.445
641.197
41.365
8.568
25.580
32.593
27.739
6123.486
354.092
159.245
394.507
54.026
1571.238
41.314
1458.266
381.560
45.461
7.110
79.276
39.149
215.558
7.896
115.926
85.177
498.091
16.832
55.053
7.183
977.709
310.983
160.595
26.884
12.455
200.730
21.384
269.169
2055.419
77.386
41.486
26.609
503.608
33.727
26.020
24.459
59.582
215.971
2812.605
2334.419
572.003
12.880
81.144
43.269
10.362
164.725
125.830
197.856
434.378
124.839
680.527
6.886
16.995
15.256
114.537
38.394
22.950
207.399
398.200
4533.193
32.777
21.062
6.395
77.927
260.675
8.098
2350.171
45.575
1214.654
1116.245
230.680
26.395
344.813
21.220
42.184
26.177
826.587
132.431
18.292
733.971
12.044
24.795
996.602
481.853
25.156
1824.543
1173.664
946.625
190.327
90.149
170.687
82.509
70.175
249.080
286.593
51.694
6.131
211.244
938.535
147.730
26.523
3848.005
235.316
308.385
920.249
65.243
343.316
30.156
20.943
124.562
267.573
210.008
43.503
286.178
2081.558
51.506
782.318
37.071
67.199
140.580
506.700
154.474
108.144
5242.068
120.655
133.814
17.079
2768.800
581.551
53.196
72.854
2598.459
487.523
100.341
40.520
332.158
42.615
202.404
202.534
60.749
238.451
90.692
24.256
3432.816
16.731
3726.436
1826.267
19.985
31.548
37.141
303.544
14.486
9.772
40.143
1562.531
1203.284
217.900
17.031
223.331
149.564
546.608
31.488
21.392
1092.026
1732.076
187.881
178.262
72.542
974.018
73.606
140.506
15.164
110.831
20.502
31.905
2085.567
76.998
15.545
64.239
89.081
580.647
125.644
143.111
2341.228
30.945
453.898
28.169
13.711
143.229
1040.531
18.022
110.376
1193.319
26.857
8.993
157.941
2272.830
8690.870
64.241
37.238
3.940
1135.177
1487.410
1024.613
127.070
68.055
104.816
5.820
86.095
24.684
534.284
61.032
79.409
16.347
344.824
692.305
514.574
491.429
67.359
467.572
3489.483
39.083
24.359
26.450
38.198
4625.853
103.585
35.365
35.491
401.804
509.958
84.653
130.765
7.884
14.325
109.357
171.981
855.051
291.813
47.193
1088.410
11.389
18.346
118131.758
28.014
2120.979
697.792
26.544
94.467
33.982
63.534
1940.880
6.148
22.243
31.239
129.716
53.197
257.737
38.268
914.289
36.886
15.108
85.505
64.908
45.960
123.926
38.276
16.197
62545.863
1771.105
265.253
96.557
22.048
24.401
43.134
199.303
3.299
34.887
5.892
223.549
106.692
729.865
96.125
26.801
10.811
8.358
25.795
20422.387
98.182
62.406
12.041
22.310
21.366
769.434
161.806
7.709
45.690
15.049
413.639
80.030
5092.297
26.787
5296.000
36.254
20.120
2330.690
109.174
17.368
19.206
142.504
13.882
33.313
261.160
35.563
744.250
20.802
1768.327
13.319
1187.531
75.419
134.495
79.037
1103.891
315.119
1699.956
379.092
52.380
33.713
94.183
48.127
77.561
285.660
45.573
209.269
886.227
20.013
311.879
79.529
30.432
60.275
76.341
209.977
481.590
16.948
25.302
426.960
762.150
66.698
83.401
136.958
63.158
1185.766
14.718
642.221
19.243
345.306
159.917
92.211
562.665
23.486
24.862
1155.290
19.956
23.713
9039.497
788.619
64.009
12.006
37.489
347.075
76.253
1086.350
58.126
16.185
290.226
73.862
2512.756
310.026
934.598
563.108
20336.115
44.937
54.186
586.107
33.186
1001.161
2703.719
12.040
206.767
57.491
79.538
39.324
3935.495
1158.959
770.083
1776.063
1199.342
424.932
93.447
425.832
3.211
14.372
2555.054
7.174
18.989
201.199
46.315
32.590
43.847
133.572
66.897
8.270
38.397
24.713
68.389
10.736
17.616
100.875
34.347
117.008
53.266
518.106
10.879
9.446
16.178
347.543
534.654
51.337
9.404
3161.442
930.383
806.649
68.637
1056.722
1374.874
28.604
23.630
731.392
347.911
262.760
26.853
1683.875
412.799
67.165
38.984
26.999
26.745
184.687
155.061
229.735
46.137
134.069
33.158
14.831
355.623
1059.284
129.941
275.021
19.291
53.772
107.434
2963.832
27.667
67.479
30.912
86.653
18.485
31.349
9.431
1573.896
6.775
75.191
372.070
23.583
152.186
16.220
38.734
20.946
8.507
858.134
1004.476
917.593
5427.716
8.096
16.047
1560.515
14.861
209.579
10.883
365.022
17.840
236.115
1177.489
22.482
4475.379
83.418
14.242
56.540
47.243
4.624
158.113
22.144
267.169
896.912
453.209
822.706
157.515
44.397
173.963
244.923
3316.314
347.267
30.484
106.901
133.485
39.916
9.214
107.886
532.762
26.176
12.208
3012.236
5.656
262.398
21.859
240.096
614.140
1500.802
2622.032
99.264
55.630
30.815
409.200
3281.341
24.437
139.324
67.929
229.031
2085.920
141.322
43.696
415.571
25.438
914.197
2243.938
751.018
29.184
393.151
48.800
73.932
8.833
126.731
39194.477
43.178
59.829
282.374
15.445
24.436
560.028
36.557
93.928
95.159
117.059
349.346
4847.190
20.912
419.815
62.378
2260.659
23.989
670.385
7.969
183.913
11.942
2149.628
19.288
59.224
25.590
26.351
14.467
29.317
2520.003
65.974
55.013
185.911
29.029
40.116
72.431
94.429
34.107
45.738
25.232
59.020
1406.894
54.034
12781.880
6.984
234.927
187.641
106.683
230.231
5.429
122.984
17.240
1634.777
104.685
31.618
19.094
161.107
1740.685
71.401
608.052
1304.418
407.589
32.214
562.894
123.295
46.415
31.772
510.971
832.794
47.194
420.937
33.919
21.016
75.046
117.797
28.237
602.720
462.208
98.558
26.020
246.992
80.965
25.657
2258.463
10.938
157.352
256.180
53.225
5892.275
30.191
91.091
24.411
34.575
89.714
53.541
209.092
437.618
49.815
533.035
89.833
344.168
136.639
185.540
217.797
120.771
338.153
25.434
856.577
9.052
215.046
8.784
643.868
48.379
44.490
18.189
237.259
309.289
1035.057
198.015
384.224
161.990
45.695
2866.892
22.181
6.863
57.503
255.401
10.411
27.986
1985.739
468.571
1049.491
1265.023
876.212
86.437
221.519
696.665
31.625
96.205
1011.738
40.181
211.739
60.512
11.493
613.987
201.704
26.994
85.683
481.859
9.998
943.192
126.873
39.058
53.138
35.148
89.889
31.536
19.458
844.623
290.799
107.244
77.953
21.720
257.458
116.734
604.766
10.246
104.638
929.304
136.679
842.455
3888.929
1034.028
20.562
73.697
79.594
21.171
911.615
22.157
197.679
332.392
798.432
63.238
79.772
95.854
120.171
302.272
47.585
109.023
23.303
43.439
6.578
39.702
80.143
329.368
150.746
10.934
1438.680
26.942
149.767
1564.417
19138.422
37.697
25.815
1005.447
143.499
117.631
88.161
28.490
796.349
10.510
1978.794
2207.446
8.211
261.534
164.679
137.746
2234.959
606.068
2944.239
465.672
9908.705
934.634
8.891
1907.053
181.487
914.698
110.912
27.553
9.458
11.995
81.223
80.778
1183.026
41.842
188.170
1441.930
77.297
368.880
5.137
1543.368
68.422
781.169
15.178
480.686
41.986
188.695
1007.420
35.644
617.753
34.763
16.746
168.026
707.250
18.682
38.526
36.676
92.683
61.799
1607.668
281.915
28.505
130.523
46.784
357.228
266.135
57.655
23.675
1495.136
221.008
12.113
102.627
40.267
17.231
13.414
37.823
35.605
430.261
522.625
17.415
63.965
67.991
966.033
31.714
346.628
887.438
111.038
20.062
11.245
27.786
38.509
155.404
16.362
5633.494
341.584
186.191
23.981
662.771
16.848
48.740
1590.897
85.079
20.466
26.518
754.560
12.096
84.730
125.467
21.380
121.319
146.174
7.383
1963.984
38.705
158.839
30.802
20.172
933.391
39.223
22.105
331.267
234.359
67.581
165.456
231.977
57.897
47.563
25.516
11.702
18.492
15.635
44.286
144.875
8.437
59.976
24.740
251.727
24.018
6.230
221.422
761.578
95.180
7.923
61.915
1224.614
306.304
75.552
250.267
380.188
1144.717
17.057
5.459
10.787
79.820
59.199
51.319
22.594
29.558
89.818
29.017
82.756
14.697
72.328
656.885
33.354
73.677
2948.212
105.690
31.474
20.404
475.806
1622.203
88.022
20.705
580.132
9.656
622.063
14.873
1434.479
21.823
211.618
620.057
21.104
201.114
336.986
46.784
23.109
100.981
405.623
18.964
73.903
14.636
515.143
47.514
106.037
39.479
34.103
90.218
97.257
84.203
38.489
4395.205
102.089
103.542
7.035
115.778
112.934
8.225
53.584
1202.395
248.612
1128.787
2614.221
8.225
38.565
57.332
691.412
188.004
6.333
39.722
13.502
37.968
90.213
49.123
53.068
50.276
140.458
11.033
23209.184
36.480
29.079
60.722
692.275
118.494
1328.325
211.325
974.596
62.678
1511.348
335.685
73.165
6137.271
1502.557
320.269
198.702
16.891
4.764
386.566
222.819
316.198
26.449
25.638
2115.543
143.915
241.450
114.257
653.485
10.908
121.865
93.356
4775.475
16.642
130.576
24.600
6.704
13039.177
27.799
491.472
580.347
57.793
78.363
113.653
565.234
9.008
681.897
199.178
31.425
62.594
49.869
1383.602
33.850
72.021
1447.915
24.425
58.302
10.059
18.622
833.608
34.296
1188.087
46.834
41.778
399.418
7.037
2404.340
85.522
62.518
41.306
59.904
277.264
135.097
88.872
38.002
18.652
6545.802
70.256
905.749
193.185
8.677
110.821
26.326
8.866
66.389
305.318
95.578
91.444
27.642
97.800
82.452
687.760
152.172
9.580
1353.388
23.471
179.320
22.399
719.625
100.288
35.880
637.399
37.979
15.056
61.730
5.460
50.177
7.374
621.694
851.758
189.024
30.099
252.326
4.624
1480.256
7.740
48.312
161.344
847.684
5.833
69.427
341.075
13.369
41.229
909.994
82.372
184.775
6.101
25.382
439.897
47.593
1155.396
34.068
32.323
129.846
112.853
103.287
10889.301
380.059
12.135
1037.599
51.691
1611.457
134.646
55.138
47.218
79.057
1283.555
43.637
3629.253
223.067
128.125
160.900
151.535
345.289
464.490
36.035
47.763
1027.946
148.651
215.447
492.422
50.210
522.324
389.269
148.340
49.141
153.286
132.981
12.275
9.630
699.963
294.005
1312.928
277.001
12.594
1627.515
100.502
34.674
33.270
18.009
354.929
18.201
37.436
111.469
44.803
405.468
465.934
1951.974
1587.136
702.618
48.934
1614.697
53.004
52.436
115.167
22.555
26.917
43.914
211.479
43.010
27.907
25.848
15.640
49.208
21.265
696.408
65.894
121.564
8.237
160.164
34.081
375.610
333.501
11.287
59.688
364.507
127.548
36.454
255.685
39.241
7242.343
136.529
339.378
114.038
19.157
1696.151
1384.632
20.506
22.909
62.746
19.225
594.152
79.878
626.476
65.158
37.585
1254.259
27.446
44.439
1354.213
24.286
324.692
58.133
116.105
16.943
157.855
1916.997
489.812
191.719
15.315
1959.722
1291.062
61.272
5.348
49.688
55.312
583.618
17.462
13.018
84.511
196.140
45.220
5463.065
202.960
91.576
508.134
16.107
401.605
13635.936
40.351
665.236
260.334
2008.238
46.637
2984.161
508.166
61.334
247.578
363.095
66.501
432.582
182.975
11.115
83.661
208.653
20.516
54.490
16.685
145.578
63.187
8999.139
827.446
112.110
1020.755
64.125
1241.386
49.089
570.415
31.864
934.659
427.498
81.628
9.573
8.050
5.429
1066.913
39.383
76.505
689.137
4.624
1025.841
62.209
409.048
639.907
12.589
1472.624
17.215
753.363
282.792
113.050
50.968
172.038
30.894
246.694
73.940
177.318
29.266
114.071
127.416
25.518
114.258
221.877
2020.267
38.656
19.360
80.270
73.354
7.802
1282.692
137.607
18.642
178.911
7.472
748.393
89.740
466.876
4.797
9.000
1908.897
177.699
24.336
14.782
89.159
114.346
105.992
51.609
1852.019
486.074
497.147
125.656
1233.121
130.633
18.449
117.774
161.322
22.619
15.464
7605.576
66.790
232.019
2438.525
30.364
200.034
353.924
497.645
1260.309
7.571
295.389
17.538
76.578
989.520
9.391
9.860
16.909
58.954
144.590
852.232
299.048
6.553
14.180
207.063
33.555
86.457
59.463
47.159
156.342
1998.932
208.591
6.642
167.399
77.498
369.039
93.947
1116.224
616.571
40.852
34.639
53.185
970.793
458.377
14.839
1239.994
11.811
83.394
299.725
1307.553
20.936
36.868
345.399
360.829
317.790
129.238
426.160
45.657
11.748
3291.153
160.349
11.708
1317.835
571.632
744.448
38.031
19.965
1751.094
495.737
371.300
88.200
203.895
170.512
2237.847
48.869
14.428
13.647
262.079
3302.554
6747.922
3550.087
76.873
8.280
376.705
318.647
383.818
16.940
766.364
2571.847
27.483
115.972
895.236
24.471
47.584
1066.137
26.105
4705.335
62.335
12.228
33.505
21.746
37438.883
63.519
180.941
994.608
2349.741
31.130
29.705
72.492
29.076
96.083
22.237
68.199
890.999
1411.351
65.093
13.551
1897.959
400.775
61.416
67.026
772.884
2664.561
13.880
24.896
10.498
17.363
621.729
77.931
53.218
14.539
47.443
65.488
14.669
33.612
1965.773
27.549
98.865
28.245
209.561
1146.772
45.073
4709.183
777.096
61.027
190.216
159.600
22.927
49.394
71240.227
866.549
3212.122
13.787
284.331
30.974
1092.354
65.030
10.535
347.819
13.686
29.780
479.839
745.499
16.634
133.431
60.798
248.419
4460.925
551.311
49.723
189.987
421.791
11.254
117.121
852.237
8.635
45.436
105.479
532.602
35.720
131.486
39.373
49.284
24.235
116.546
732.383
14.340
204.222
20.092
10.317
1014.128
29.795
1597.360
163.070
1581.657
34.443
236.712
1188.358
53.019
39.500
831.003
15.671
138.482
1172.442
60.016
103.196
2591.656
97.553
770.309
71.594
18.226
25.217
1359.102
1122.747
3299.374
98.812
133.200
29.887
1124.947
346.039
22.383
72.125
416.099
42.643
52.935
50.857
9.976
496.270
142.033
324.362
75.453
555.207
8273.193
681.395
561.301
31.400
211.184
175.819
9.655
58.291
22.224
60.486
519.642
97.511
34.247
435.384
19.978
322.132
20.274
56.804
703.736
96.215
88.496
8852.222
4.282
76.286
239.081
65.974
357.010
21.286
20.451
122.569
16.757
1435.225
213.251
132.241
9.009
57.835
16.894
90.040
3462.443
75.615
93.993
1831.218
98.039
380.653
58.539
46.138
21.912
5.366
9.085
26.349
121.013
374.163
158.706
17.553
19.859
1503.979
64.302
5.991
70.452
51.842
14.420
1445.760
240.754
93.170
455.207
43.439
17.096
260.354
209.886
186.209
37.636
38.643
96.695
10.976
15.433
65.038
991.265
150.881
1130.069
397.741
110.746
19.785
31.469
18.081
121.689
332.642
205.747
24.515
21.504
125.079
3208.160
37.508
75.162
7.563
394.567
953.320
53.057
255.433
40.379
45.191
40.963
539.440
287.107
36.420
80.210
85.093
42.770
39.811
755.601
34.676
313.483
137.295
1827.951
194.998
573.628
854.781
148.231
441.345
27.557
75.749
11.216
50.166
58.734
1574.113
64.782
17.594
11.730
25.455
118.922
8.433
19.144
185.390
75.592
162.003
104.723
48.231
598.371
4968.707
394.709
20.871
192.983
64.204
269.917
52.998
321.734
25.426
10.832
142.996
54.995
15.081
200.556
73.519
121.332
504.210
295.586
131.334
115.291
8086.332
1976.315
54.143
392.139
2844.733
20.209
8.223
466.529
101.303
41.768
65.638
117.477
9326.619
48.417
160.706
869.057
80.025
28.845
36.630
901.957
534.677
27.829
117.877
2431.835
2856.356
55.460
93.445
47.939
48.454
15.703
1462.419
199.493
14.041
12.010
7.813
48.172
17.726
87.717
41.842
74.716
73.317
30.437
1114.481
51.332
27.256
19.738
181.377
830.793
17.290
110.746
63.529
128.952
40.603
51.375
102.007
41.423
519.886
134.264
16.777
6.780
218.536
195.610
1746.848
249.842
78.643
618.130
10.079
68.120
913.369
132.779
77.131
77.666
8.499
881.294
836.660
718.275
1260.626
5659.449
1620.353
45.973
150.050
11.572
645.291
29.911
49.773
77.133
17.389
17.394
3.211
226.453
2285.015
1520.441
976.663
20.063
174.991
488.952
732.135
406.183
78.236
450.806
581.347
24.814
18.748
19.699
13.939
116.682
76.566
32.971
452.641
1231.590
42.843
25.475
1762.396
60.476
80.766
19.429
571.456
491.092
133.807
313.838
66.865
351.285
542.921
5.390
86.460
348.987
376.541
314.877
44.200
100.288
328.716
69.617
58.787
1413.590
12.274
342.098
69.007
48.267
16.858
34.482
164.932
15.546
464.317
27.415
116.369
88.162
96.405
89.327
987.050
422.771
112.159
1998.523
282.261
7.469
628.216
14.086
43.175
802.353
40.210
4801.610
28.155
293.874
23.892
13.726
166.025
1494.953
412.595
12.922
21.385
851.167
547.315
258.373
420.164
96.558
50.594
82.791
14.396
11.175
125.497
2581.892
1387.458
83.114
822.862
188.657
27.809
1777.226
21.157
528.744
23.652
10.564
14.992
7.217
222.513
378.511
54.071
484.008
30.506
14.611
10.518
142.926
28.833
339.743
136.639
4362.262
2201.265
36.009
60.462
177.062
1728.354
21.483
101.240
498.381
93.271
38.901
217.191
83.375
2537.734
285.188
7.631
2553.713
82.649
439.279
578.824
122.047
596.690
27.582
77.384
79.973
34.931
4927.722
6234.740
508.178
40.851
1189.929
59.121
404.213
8.527
55.134
5064.502
39.828
1080.248
16.674
171.126
387.967
78.980
169.541
67.679
91.902
22421.264
70.700
145.667
2106.253
36.289
45.972
202.870
2453.847
45.503
16.550
126.702
138.857
35.738
560.508
35.247
51.652
6.190
48.435
64.200
41.996
1805.045
2592.717
1515.923
170.021
22.747
741.697
435.490
2019.909
37.719
31.356
83.541
48.674
12.473
309.130
517.705
9.976
295.943
46.051
1141.545
645.129
716.314
12.975
508.645
11.154
275.641
19.719
7.011
16.309
14.324
39.315
1324.622
19.677
1651.030
207.145
19.099
1508.538
28.084
32.685
17111.520
255.135
21.800
207.467
21.122
314.635
1837.750
532.787
225.445
837.861
499.072
283.709
209.090
16.018
22.169
234.424
1993.770
36.247
99.774
890.580
113.569
51.568
1148.834
39.775
59.396
46.430
3615.031
31.667
14.030
39.679
17.042
1469.158
14.756
2783.052
926.952
480.362
21.088
6.142
82.951
3591.880
170.320
822.384
473.330
51.630
4.624
10.065
437.906
45.523
1983.933
286.112
244.487
133.200
499.949
541.436
102.298
196.121
204.354
25.755
16.505
61.239
61.676
76.798
1101.674
392.454
29.534
27.741
990.648
18.665
130.363
249.418
66.235
30.511
56.250
330.338
448.501
89.852
134.671
9.213
52.165
546.124
41.564
148.710
47.712
27.884
47.582
18.146
241.170
13.420
13.851
60.470
1031.703
54.913
168.899
124.009
37.488
199.033
525.080
29.664
22.415
106.911
565.795
682.808
35.970
410.117
196.819
7.776
56.633
456.515
1257.270
96.783
16.708
89.157
30.415
31.423
76.622
403.020
54.709
711.744
41.689
1083.047
866.525
531.263
21.210
201.094
41.432
12.997
22.737
1957.062
19.825
1038.270
44.241
675.399
10.827
10.102
13.788
621.993
409.569
133.617
85.671
25.281
13.488
139.044
359.766
53.069
530.715
737.285
12.434
35.310
31.661
26.627
49.854
34.914
38.312
2296.906
69.599
258.746
144.339
771.100
30.888
84.427
599.629
14.155
29.269
40.254
66.790
23.573
34.441
2032.120
225.150
21.021
220.612
1622.157
174.068
35.469
1705.342
218.720
22.446
2083.874
8.748
13.492
27.386
98.182
1195.209
84.209
149.536
11.079
657.267
54.717
23.610
317.642
83.739
104.840
625.846
95.079
49.836
4.602
60.165
13.966
48.192
32.963
461.620
277.504
887.045
140.349
20657.248
58.979
83.883
536.980
52.838
23.889
26.157
40.931
12.244
915.299
20.058
812.288
106.528
112.533
142.332
1073.631
823.527
21.743
71.554
1084.921
19.205
464.494
195.435
719.418
69.375
1031.721
1262.157
32.279
95.586
200.884
1779.684
201.014
58.863
50.374
35.893
27.894
78.392
292.581
121.821
281.168
134.457
92.895
84.648
24.964
50.674
4081.510
769.354
79.862
92.074
28.278
124.897
1515.988
31.381
156.628
21.382
19.497
11.275
127.591
472.713
1645.585
511.967
27.646
41.496
56.531
100.915
22.076
56.830
42.016
300.370
10.753
115.233
62.827
21.281
1209.105
136.708
47.166
13.390
483.585
65.152
239.969
16.630
11.328
10.234
19.701
12.083
88.411
80.459
53.401
30.065
4.149
165.796
1300.432
975.234
88.969
174.618
8372.790
54.496
248.229
625.177
268.430
126.186
177.407
181.509
163.472
1956.595
33.980
8.452
110.263
3713.462
2145.450
3950.601
528.262
587.769
4.484
38.903
486.126
12758.011
12733.810
842.690
93.723
7.456
10.404
1013.266
187.003
264.874
468.404
28.664
22.860
92.085
8843.994
35.792
580.549
1136.580
24.788
15.262
110.601
14.120
120.993
6951.694
10.853
81.452
106.712
117.535
33.543
45.698
163.263
58.552
186.674
569.556
279.761
176.070
164.189
45.007
23.267
5.244
9.966
36.728
1344.999
87.336
64.307
34.987
125.633
317.037
19840.625
28.035
81.525
11.361
7.235
112.871
59.512
531.496
372.474
98.246
30.560
16.292
140.160
917.224
60.479
224.652
43.395
26.909
16.349
551.483
41.118
74.037
46.003
48.269
143.461
20.545
161.260
54.094
69.211
211.777
39.236
902.923
12.680
949.546
20.912
10.205
5.017
131.783
24.812
753.486
177.617
547.001
461.122
276.652
733.800
296.663
8.955
129.186
34.513
1455.606
7.217