406.789
18.322
457.638
74.335
99.630
24.925
46.776
38.412
293.756
9.933
50.734
90.521
35198.762
80.039
79.451
34.565
81.624
22.601
47.078
578.936
28.989
180.737
18.439
99.880
87.961
22.571
28.679
112.544
68.368
30.360
18.365
114.636
37.440
7.063
78.968
66.483
17.523
127.024
189.393
424.090
937.925
935.863
42.949
1230.979
252.356
33.939
607.718
337.630
71.840
17.533
140.231
25.851
4957.801
44.801
11.630
45.052
548.066
17.084
78.411
1199.892
35.374
632.776
70.527
73.948
356.217
25.550
125.469
221.295
584.433
45.858
338.978
7.227
31.284
119.578
47.213
998.348
20.308
327.101
76.416
14.820
10.982
7.984
13.442
26.582
4454.442
1303.443
17.027
357.003
41.654
297.679
523.576
86.205
12.680
11.728
512.652
49.704
72.954
15.613
18.397
43.379
8.906
714.817
880.213
76.735
141.129
16.661
175.184
11.652
143.957
134.113
46.283
13.934
532.914
52.027
292.311
172.760
1368.705
8.685
307.532
22.091
19.501
16.687
19.188
815.097
30.861
240.373
73.469
401.801
318.598
120.047
58.100
26.795
1149.551
109.090
543.081
152.810
23.487
16.592
19.855
62.272
234.612
28.953
16.037
295.587
101.998
185.861
937.264
23.899
9.471
60.836
783.339
1645.341
301.884
177.115
358.364
49.596
10.478
42.036
52.326
21.793
259.711
808.914
136.685
610.752
74.095
39.911
34.026
1433.200
602.372
4240.324
540.673
17.366
31.965
5.816
850.537
283.472
11324.464
23.103
32.238
8.031
33.496
16.088
136.832
11.315
783.840
31.205
39.477
500.294
28.806
233.515
23.741
20.964
18.221
115.255
267.455
241.932
7.151
31.913
45.355
3863.294
545.679
59.212
18.158
14.805
713.774
40.210
43.598
135.195
9732.412
307.298
23.163
45.991
99.691
143.251
29.572
81.082
106.864
694.148
75.828
29.348
117.508
74.389
337582.969
57.572
78.803
129.653
155.311
26.966
52.040
14.502
305.663
56.013
70.493
20.495
63.652
9.581
13.454
44.352
588.151
123.950
16.655
8.714
38.091
40.197
9.498
34.338
15.883
661.274
310.759
22.963
27.625
471.057
1059.473
666.988
28.718
45.116
148.002
10377.048
1275.893
12.340
1059.299
54.465
50.393
42.307
36.022
21.278
34.434
9.050
128.090
17.164
184.148
1084.430
54.515
3960.960
52.005
118.866
39.901
30.451
23.436
393.973
8.299
95.732
228.101
1074.643
529.609
318.610
12.994
26.416
20.495
64.683
51.292
29.366
258.893
800.664
30.924
14.413
646.447
25.927
56.742
61.011
48.616
50.721
41.796
161.729
17.184
25.369
132.731
57.614
8.914
467.165
120.100
148.847
793.751
10.527
6.999
1801.148
242.493
17.428
1146.125
42.366
33.774
157.975
26.595
100.604
41.135
24.113
220.553
41.097
73.624
11.156
29.123
32.069
10.517
6.894
76.515
714.560
318.916
331.624
65.346
90.132
319.450
15.095
2304.900
79.436
155.508
44.679
557.196
44.154
66.539
130.999
19.952
110.624
76.952
156.108
5.247
531.630
431.885
267.365
33.466
42.065
13.038
396.425
69.448
6.728
1535.130
59.977
12.437
30.864
5.264
174.796
786.112
24.859
13.599
63.718
10.597
51.072
24.100
26.217
1331.764
1001.017
82.403
64.688
14.322
1093.461
1573.882
24.705
200.400
594.350
153.585
15.729
26.734
180.531
59.735
9.135
146.749
1280.910
22.463
242.978
21.486
19.889
761.462
45.272
2188.496
116.529
92.249
238.927
16.083
36.461
183.010
780.636
7.999
212.662
40.016
37.195
82.124
61.760
947.291
76.849
13.485
45.571
4.574
27.036
9.928
128.331
684.670
58.955
30.193
1017.240
53.333
786.580
8.563
67.711
94.333
405.758
19.158
25.707
7.879
910.528
46.527
602.608
8.582
573.112
18.731
12.697
508.848
160.575
22.433
90.252
37.501
181.155
947.034
203.201
646.952
39.242
740.276
50.023
46.210
22.312
77.409
69.044
11.991
19.402
13.802
28.312
29.977
107.619
668.931
30.701
578.571
31.945
78.323
14.737
59.270
28.799
39.069
13.737
8899.479
62.592
235.171
34.080
828.980
47.371
38.876
976.161
23.851
36.063
1262.712
347.281
1394.769
14.058
23.800
38.843
10.789
518.452
116.630
15.398
113.518
18.823
100.372
141.384
80.904
2253.928
22.095
11.245
37.438
101.153
4081.896
51.346
10.100
31.919
104.474
21.938
450.435
6.698
11.159
4460.810
379.342
1282.929
898.203
13.194
8.304
290.486
55.952
86.138
121.490
87.269
121.019
20.449
86.611
27.377
795.820
127.090
1441.572
212.073
45.880
14.027
4712.399
1249.451
676.421
4757.782
21.197
46.230
262.930
537.995
13.379
69.177
444.541
193.625
1351.716
1024.711
27.817
17.643
2264.711
15.137
19.843
34.247
18.792
132.664
2272.693
27.004
47.235
32.402
243.698
70.430
122.649
24.720
10.776
55.482
34.486
32.387
29.105
769.451
35.201
1683.834
26.544
53.768
74.218
1843.813
26.009
198.353
68.394
33.800
14.511
37.764
24.066
102.051
64.628
272.443
18.056
9.930
1988.702
30.403
189.154
47.288
11.108
4.149
22.970
361.425
64.811
1281.928
28.892
494.879
93.863
36.038
22.183
1964.159
8.787
2692.604
63.863
48.582
11.932
168.189
664.915
1740.260
17.184
49.075
714.439
107.290
10.297
101.858
14.621
15.523
701.050
755.469
284.258
47.997
68.912
99.443
48.893
297.675
38.859
14.852
23.391
35.681
65.583
337.529
35.523
10.446
20.267
710.757
141.936
14.510
1170.880
118.250
323.625
61.621
157.836
2346.944
179.477
35.552
37.183
1377.491
112.686
636.527
8.364
243.774
340.220
30.921
159.858
31.410
46.843
35.061
74.788
8.140
21.058
142.213
62.748
198.453
15.456
40.869
29.496
16.260
13.189
241.394
21.007
161.576
24.089
33.506
24.625
86.573
94.443
32.597
59.363
609.569
11.519
1879.016
510.193
11.473
51.474
338.718
40.115
1224.521
36.040
81.828
905.775
113.721
53.984
60.611
114.262
205.947
20.208
43.418
31135.758
636.890
615.356
30.352
49.707
82.115
840.704
481.941
123.661
38.937
46.052
189.495
2141.604
8.342
2087.805
14.528
807.835
27.973
6.018
36.513
821.236
236.559
52.725
37.062
60.221
1727.634
406.346
261.224
164.415
63.192
3.733
1433.935
20.433
20.239
240.478
86.308
42.335
197.114
1474.297
77.917
957.011
6.389
6.072
14.666
9.181
2644.343
464.728
15.548
133.798
1204.682
207.449
25.088
63.601
19.016
8685.228
74.963
18.734
31.358
46.649
24.937
2117.952
80.895
715.728
42.650
41.059
100.238
95.882
25.957
13.733
22.524
54.471
1261.446
36.616
13.243
28.435
74.700
37.267
31.467
30.843
12.650
291.922
24.079
141.714
38.801
1920.204
64.278
213.870
12.984
16.280
48.248
49.093
23.488
45.735
43.502
24.372
789.533
59.951
39.523
82.753
26.671
33.146
68.480
39.083
430.660
30.452
56.301
399.520
40.368
686.063
1937.501
768.894
13.594
399.474
38.318
587.879
1271.030
2232.249
89.248
16.817
51.361
279.300
7.254
3235.648
6.034
63.888
18.071
472.975
101.490
129.873
85.249
206.812
32.663
273.973
396.043
2952.422
79.388
12.277
323.888
97.123
1631.423
274.823
1031.291
75.837
8.555
7.540
25.079
28.024
1101.981
1555.526
270.543
216.962
212.445
21.867
565.004
39.338
700.733
44.876
50.679
293.958
17.552
24.087
38.998
217.258
416.046
66.439
123.380
369.113
110.806
22.817
19.738
556.123
181.718
53.035
15.956
805.959
247.165
508.211
179.766
949.167
57.851
90.158
61.399
1680.347
23.159
25.631
14.539
44.279
11.173
43.495
78.110
40.131
210.193
4.497
321.256
23.666
92.277
42.118
714.691
180.456
145.918
78.891
30.331
36.633
629.621
9.855
14.557
1510.597
2052.314
162.768
23.102
227.983
32.739
92.285
211.280
53.602
19.848
10.468
9.828
223.006
42.334
54.763
1691.587
877.043
7.445
35.203
17.623
21.749
13.357
363.534
88.036
69.588
73.535
50.024
62.716
237.137
20.204
26.438
148.071
147.449
76.373
19.912
58.807
521.192
32.285
111.723
8.696
151.486
50.905
51.953
148758.984
28.159
42.016
15.115
102.556
251.676
63.747
83.448
16.362
45.858
1097.032
84.190
41.462
29.346
88.957
257.631
55.419
357.139
51.709
6.455
92.064
20.224
911.697
273.372
42.405
112.982
1390.861
444.467
1429.449
991.691
62.260
69.450
699.772
49.316
86.896
104.180
15.635
74.749
25.851
1031.473
305.323
11.936
162.468
6204.146
54.181
1084.876
75.927
306.756
28.616
563.592
383.278
207.502
166.992
67.106
68.071
766.884
77.334
138.196
14.475
33.436
218.635
25.588
576.704
1056.137
566.789
548.128
49.793
5.744
19.580
451.946
251.784
26.065
388.593
40.611
34.518
86.759
1649.322
16.549
197.993
37.223
193.537
1006.109
8.157
4460.087
32.901
105.019
31.193
338.857
2600.710
167.103
732.694
13.485
65.020
27.866
141.730
23.279
358.357
40.426
25.097
139.601
661.510
70.207
963.545
10.999
550.101
421.929
50.478
24.500
37.264
64.362
122.800
14.261
17.703
45.541
1411.754
65.058
6.762
64.354
70.086
629.632
50.080
10.375
17.744
424.412
4163.896
24.127
140.822
2941.651
30.330
59.642
952.392
53.655
258.257
627.769
211.452
153.705
9.299
50.790
50.487
392.002
82.930
1570.211
16.741
1939.560
20.406
4.813
17.383
7.051
575.027
105.404
438.585
7.883
990.776
501.989
29.070
19.163
86.816
1557.383
5.366
21.864
18.895
162.285
15.355
214.541
80.649
128.204
27.460
46.935
21.208
1146.947
62.942
19.128
416.411
468.222
487.777
12.373
332.109
68.232
2148.635
42.409
133.953
720.101
89.461
70.898
12.992
1261.718
17.127
97.756
90.283
33.167
44.787
31.189
76.673
1211.287
11.406
20.221
17.568
227.209
29.456
1207.125
31.180
71.417
1826.285
50.639
397.552
56.029
15.505
831.945
577.371
261.473
291.348
1960.099
649.169
434.765
441.339
18.452
286.852
268.943
1364.556
221.578
468.587
75.713
82.052
1270.449
79.442
197.163
41.200
193.957
12.964
105.581
23961.365
15.189
153.651
620.444
134.079
51.183
27.913
463.801
457.171
89.610
184.939
19.580
24.410
298.371
1006.052
69.924
56.794
1111.153
349.390
71.756
740.284
372.668
42.427
2532.524
30.240
273.341
37.535
82.983
930.040
2243.994
30.360
1387.893
53.725
18.527
647.546
29.453
39.752
10.026
41.422
272.925
64.964
496.375
178.664
96.755
42.779
554.593
721.744
18.277
23.255
254.255
36.737
72.714
2048.774
366.662
216.869
36.681
829.392
33.814
810.031
277.166
75.455
26.266
86.237
345.523
29.455
32.652
22.103
27.391
14.862
437.775
22.964
23.287
246.477
114.511
6.244
395.885
12.131
8.646
125.896
56.159
7.056
14.481
3501.998
9.884
10190.429
476.222
86.660
58.369
6.836
22.479
74.927
6.562
1076.378
10.044
316.100
39.427
5.741
9.385
704.017
75.739
68.102
13.810
588.100
573.219
60.838
7.162
21.592
32.409
679.863
204.290
895.830
59.971
404.732
94.602
98.068
1977.582
623.791
51.888
2440.531
33.635
31.183
186.490
761.482
839.684
12.511
30.639
338.494
54.504
211.886
129.545
21.295
4.459
17.660
661.619
18.936
99.614
39.613
125.866
8.712
2034.269
153.070
737.015
140.436
28.201
3249.164
13.925
12.410
1153.259
63.840
679.935
624.562
61.403
41.491
237.643
7.476
38.030
301.194
32.362
25.944
10.109
348.257
39.674
97.497
25.080
984.464
92.897
53.466
25.904
14.572
359.548
737.496
114.455
1608.885
82.541
82.156
20.842
49.148
12.159
68.625
116.791
28.122
10.323
1580.928
8.877
1556.552
83.566
20.346
227.239
13.130
221.851
24.249
415.794
50.848
17.875
38.126
19.693
124.903
2196.764
9.570
376.568
37.760
215.865
743.183
45.783
49.757
8.389
243.809
137.925
67.323
8.536
25.013
3983.268
109.826
29.804
48.439
49.785
226.516
450.670
8.838
90.774
18.210
679.065
652.383
62.021
38.318
27.391
1836.101
14.927
358.971
27.307
1258.690
41.274
856.919
15.893
8.940
26.233
263.770
324.452
48.079
43.733
903.290
227.082
34.543
281.685
135.125
49.705
395.785
58.104
60.630
94.690
146.269
799.794
61.298
72.926
131.154
72.641
237.955
16.651
16.680
51.071
17.535
55.200
77.130
17.114
69.410
109.327
11.748
371.380
92.619
65.905
759.451
23.623
24.087
44.367
13.283
14.882
63.568
147.609
393.179
21.537
18.936
39.633
9.582
40.914
734.903
963.265
24.057
279.647
9.598
22.187
131.816
582.639
290.001
32.636
17.579
539.414
906.385
99.496
18.862
36.895
82.922
19.581
60.283
90.642
77.238
7.030
27.681
61.358
272.250
57.331
42.743
82.261
14.662
573.062
24.097
29.266
448.448
139.183
34.569
212.258
11.382
15.335
5.469
408.713
95.047
23.218
685.173
59.701
6.956
9.195
30.890
63.431
5.479
292.990
11.557
19.226
63.566
171.847
623.911
620.866
17.508
586.066
29.639
81.154
715.798
35.676
39.333
219.384
36.797
13.260
24.050
32.322
4.828
82.244
55.403
1004.518
509.159
144.645
22.056
1937.501
591.275
109.439
51.672
31.205
36.110
13.269
932.632
18.900
42.873
25.598
17.688
15.829
3214.233
25.823
877.800
62.665
28.451
788.944
274.576
258.188
59.610
43.312
14.354
24.716
60.107
1692.476
416.677
66.778
21.137
28.754
41.209
3087.733
20.087
10.761
216.317
33.129
148.324
110.822
54.998
66.076
299.470
39.066
41.178
27.378
337.113
84.441
7680.989
44.055
44.808
6.488
138.938
243.139
682.530
82.944
65.157
6.235
172.884
24.666
119.367
42.984
691.980
76.413
46.161
9.551
37.737
41.500
18.335
668.122
38.580
27.816
6.912
95.282
182.916
31.107
8362.919
81.352
206715.266
37.366
59.407
21.825
109.720
8.758
78.557
45.404
3251.321
13.387
1550.897
80.556
7.036
23.649
39.774
467.443
9.234
6.975
51.493
50.973
47.448
1107.098
93.405
133.867
28.559
1648.922
340.123
71.705
33.888
241.827
255.644
428.991
40.275
113.525
16.022
145.955
283.613
24.767
665.122
8.381
41.639
2783.111
647.550
89.095
233.903
470.014
29.861
584.110
37.348
23.366
19.730
74.046
6.121
7.016
91.635
40.654
18.259
352.607
48.648
324.664
47.140
628.116
99.904
16.169
30.707
20.588
124.004
209.370
475.925
46.415
13.650
420.290
57.443
28.841
343.473
35.580
54.784
172.434
17.652
91.265
19.722
356.050
493.888
140.972
350.599
987.524
574.290
32.947
67.912
8.787
27.428
247.324
529.344
994.137
48.182
130.407
251.785
23.772
24.428
164.081
58.382
30.008
31.057
73.118
366.516
1156.374
17.270
12.546
1415.709
197.494
83.366
210.679
247.031
405.519
151.804
16.918
26.048
26.429
72.339
30.965
1645.734
113.484
35.426
37.997
2656.715
30.031
1574.260
8.555
17.710
430.847
73.748
14.073
203.047
463.848
522.008
5.474
696.775
6.235
27.336
178.947
550.185
36.329
21.882
39.513
28.184
429.474
64.770
17.083
27804.711
387.789
5.995
537.821
53.210
38.050
169.554
8.549
12.294
218.919
40.549
1847.630
57.582
2291.235
121.338
16.426
1710.029
196.619
8.708
12.870
340.260
3950.348
68.035
834.995
122.690
21.036
13.269
74.610
22.674
46.082
379.990
3.861
58.795
2635.132
1463.639
2322.231
43.483
75.328
26.179
22.221
22.395
7.540
354.509
82.790
89.783
68.330
328.790
13.931
2705.549
1185.899
59.880
71.603
32.415
72.347
210.404
59.574
12.069
26.255
26.383
156.427
67.772
1306.792
47.330
12.977
1731.798
1278.252
84.255
23.379
34.690
207.227
98.127
140.905
1848.736
612.701
341.728
65.304
461.591
65.508
97.472
11.404
608.158
33.947
47.737
122.525
44.169
463.317
101.942
15.397
1333.054
56.594
4881.500
2385.841
23.975
872.823
9.936
16.146
933.247
9.710
399.066
15.515
5.479
15.855
17.627
4.149
59.077
123.301
1166.886
33.502
33.069
21.974
89.167
2132.662
403.476
4358.606
358.592
19.087
73.018
63.875
37.712
68.907
45.579
2761.047
25.013
9.541
56.472
70.604
97.550
111.401
35.068
598.459
118.772
20.713
16.077
254.318
78.470
6060.531
32.880
501.352
325.983
6.672
133.538
3187.043
98.255
44.434
895.801
55.398
62.595
701.022
145.612
55.371
23.515
104.959
277.232
20.586
25.045
390.100
1300.289
1576.804
160.042
19.994
37.079
161.162
69.877
1884.355
245.665
28.718
49.843
392.591
559.375
66.445
3780.147
6.013
53.259
64.737
191.796
41.939
28.478
138.722
44.650
44.982
21.830
2089.313
7.310
27.777
56.291
23.823
150.097
110.509
111.371
20.111
118.122
23.133
21.621
427.263
84.301
409.331
31.846
121.972
81.756
22.212
115.471
553.479
77.946
49.482
297.127
33.839
4.314
33.430
24085.035
41892.191
1599.619
484.905
575.042
26.969
445.455
609.617
110.260
61.686
51.943
6328.643
1673.619
2367.704
10.804
99.139
40.276
728.619
30.999
737.917
25.222
9.523
41.222
10.356
28.989
728.835
10.926
24.714
9.683
8.349
10.373
95.239
35.715
358.361
15.828
33.604
19.552
61.891
279.727
9.987
3219.138
56.259
31.940
20.065
41.745
33.420
101.843
2167.147
58.853
46.853
17.835
31.154
14.202
37.649
71.567
118.492
107.251
77.522
2270.299
23.938
3319.666
43.277
297.778
50.836
3986.008
546.105
163.713
33.855
68.541
21.136
72.548
77.604
548.436
38.257
829.967
332.478
4193.990
16.848
12.482
36.790
13.500
17.169
24.213
170.978
38.386
556.315
34.607
12.805
16.474
31.610
29.829
30.004
30.737
23.226
4.875
50.852
419.542
446.420
84.264
22.547
124.029
333.341
28.320
72.481
9.460
16.395
179.527
35.141
34.437
31.648
1024.203
259.422
65.195
29.665
436.623
192.395
39.393
29.007
15.706
10.257
21.640
22.375
49.365
65.412
815.310
37.276
459.584
33.798
377.072
13.795
14.086
113.397
200.545
33.293
51.504
36.342
22.675
36.639
32.000
49.912
20.873
32.371
62.842
11.342
26.226
1039.794
173.317
23.426
14.365
1986.567
574.246
38.781
820.817
51.564
18.039
21.674
52.789
97.861
5035.428
498.375
202.276
48.772
41.398
46.488
849.027
95.437
19.755
34.233
8.498
86.336
21.591
66.058
54.588
75.529
12.008
28.381
25.822
57.244
391.892
946.524
274.597
69.240
11.127
298.323
1684.172
171.184
32.144
58.314
16.749
2014.644
1708.170
299.713
40016.336
418.536
239.643
16.485
709.864
438.241
14.358
183.519
88.319
778567.750
33.427
13.535
92.691
10.080
26.451
40.699
195.662
29.449
561.537
65.819
11.358
5838.632
40.289
54.606
78.264
96.367
130.150
498.650
106.378
73.046
15.053
564.649
46.404
119.903
5.210
609.163
34.652
49.574
23.550
22.650
13.778
4.317
47.583
146.303
5.964
576.629
546.316
61.794
29.431
248.826
514.868
1745.108
56.024
1806.017
6.573
74.481
175.520
23.720
19.855
49.838
125.622
74.671
90.707
19.167
43.077
1541.392
120.376
49.256
31.135
515.593
8.381
111.934
31.644
1586.696
17.565
43.592
3312.818
30.702
55.956
85.201
33.790
9.471
246.860
32.937
34.659
11.837
20.551
24.455
178.739
28.868
686.260
22.857
25.811
487.236
43.201
1004.914
10.322
29.275
8.768
50.956
6918.955
27.726
10458.476
10.898
791.886
11.671
133.005
92.456
63.615
11.375
50.836
95.983
94.983
639.475
29.622
35.601
6.034
46.754
219.072
16.070
696.337
77.563
13.457
766.387
9.616
50.372
989.931
102.603
22.401
579.106
1144.896
1484.204
57260.926
59.491
40.800
29.465
68.467
30.494
83.897
29.833
34.029
125.531
16.441
25.126
1041.689
7.617
76.186
12.425
94.544
7.326
562.584
1584.957
208.543
178.019
758.858
70.061
46.145
46.535
243.736
72.373
8.125
301.492
98.576
4.610
437.702
113.599
26.241
10.457
53.385
184.345
481.080
29.800
34.828
34.638
51.369
24.046
544.680
80.497
135.176
222.679
5944.824
35.049
43.816
86.827
31.302
5257.824
24.984
835.288
48.196
321.942
245.900
9.856
79.339
29.852
98.070
263.546
57.818
28.528
6.781
31.777
134.957
94.720
526.301
4.860
35.501
265.078
73.207
1335.920
191.472
81.349
618.960
35.188
1142.489
41.869
54.838
25.409
27.414
96.752
63.823
152.399
7.067
27.534
44.897
2895.975
17.983
789.060
922.846
33.174
108.052
4.386
42.788
20.210
6.291
73.260
19.709
69.712
12.246
960.141
24.798
58.892
1090.784
885.361
29.214
880.728
358.847
20.777
562.110
467.616
35.653
1110.998
22.003
18.923
67.776
275.659
2970.231
62.838
3559.318
189.334
23.708
88.432
286.376
1038.294
88.145
806.493
35.086
47.734
672.978
748.901
249.124
28.369
276.737
433.360
1106.171
55.472
2726.668
847.206
3018.281
51.703
21.714
497.170
722.604
4.436
234.065
53.680
574.980
46.488
60.109
481.483
41.907
37.936
758.401
135.883
29.277
280.937
55.814
1046.808
5.371
1420.424
30.131
300.667
57987.141
130.620
8691.160
629.588
90.087
55.226
18.640
24.233
53.097
1318.304
24.805
383.945
1508.671
33.167
147.390
17.028
193.488
22.194
88.396
1077.411
162.078
14.778
103.348
20.286
19.364
1270.309
1933.611
169.171
256.094
9.231
5.394
216.825
40.032
39.060
43.155
14.419
96.804
555.054
60.651
521.340
462.207
16.910
15.211
281.769
102.323
44.893
446.850
4.497
1883.481
156.313
10.398
21.441
22.086
40.245
1869.512
351.057
150.695
279.788
319.139
602.765
39.481
99.207
17.929
9.677
101.150
29.988
45.972
7.035
484.523
56.310
16.975
723.312
29.923
37.785
254.170
35.648
416.420
680.774
580.971
305.553
13.413
76.744
324.097
793.255
701.616
783.435
94.188
87.512
166.555
397.813
43.422
7.543
21.370
42.704
255.690
57.241
18.242
33.639
22.886
11.365
38.543
11.903
49.501
38.222
407.242
27.085
130.095
57.154
50.878
28.551
99.864
8.381
19.914
6417.284
24.423
62.599
346.801
596.308
2372.133
75.263
254.737
148.686
62.339
109.197
741.800
12.590
495.315
1325.040
194.640
1037.134
2166.392
28.810
3553.766
88.527
712.847
124.438
86.162
11.863
403.771
240.041
499.669
65.033
745.576
219.767
1454.426
279.332
28.269
209.355
16770.793
18.731
24.441
10.223
17.054
20.352
390.857
146.794
490.469
365.841
456.641
13.472
742.483
6.034
1122.025
10.773
28.918
86.055
5.071
26.628
554.638
341.536
523.274
17.681
80.279
437.802
22.672
51.179
60.631
71.161
26.254
43.396
26.616
46.996
1477.402
114.365
111.042
801.660
25.199
189.060
15.385
567.295
20.537
7.984
20.860
94.798
29.898
26.328
463.370
578.857
1940.262
53.250
73.807
10.090
34.178
63.885
30.540
1746.244
303.604
940.367
71.742
207.569
27.878
41.569
51.926
145.861
25.713
54.030
350.411
728.580
56.558
738.375
25.210
7680.989
616.856
10.013
8.590
1113.504
694.201
26.613
41.812
130.503
36.778
26.394
117.084
387.436
980.442
146.277
122.340
268.012
1594.452
9.383
15.505
53.561
20.313
7480.967
28.036
394.562
2145.191
18.152
523.106
2093.038
722.189
23.874
453.800
3504.664
135.702
110.849
605.234
93.407
49.574
34.893
898.242
11.882
27.913
192.639
147.315
64.231
65.408
461.273
46.398
395.870
147.106
33.188
1028.730
799.511
59.523
23.726
20.898
67.839
1748.107
127.174
48.814
47.563
122.760
58.524
26.183
19.492
1145.972
35.823
16.142
3750.297
587.377
34.483
18.875
37.211
25.576
1156.870
53.706
35.805
250.566
347.054
76.187
848.821
43.141
1212.157
73.935
260.627
922.540
40.370
340.206
22.716
127.089
14.031
48.483
85.825
13.505
31.519
19.127
48.885
40.483
30.029
54.001
819.143
69.038
64.623
934.835
43.103
71.723
2548.550
308.076
16.054
1383.263
214.785
2094.249
19.187
2949.279
253.023
110.809
1533.894
1006.880
416.890
137.867
367.476
11.508
375.586
205.729
921.929
72.903
61.880
206.722
64.263
27.158
86.046
17.363
256.832
641.557
19.616
8.746
27.520
30.523
49.245
33.582
29.181
1397.122
119.496
21.238
35.426
18.250
10.053
12.239
34.668
46.469
69.606
74.004
1461.828
26.513
591.223
192.212
1299.521
26.097
26.631
32.030
590.001
74.428
20.938
7.191
1784.512
289.979
2004.363
184.198
27.033
15.650
46.654
337.612
81.510
15.510
25.565
22.341
29.614
881.476
262.287
31.112
21.752
19.351
24.405
1123.682
114.320
95.134
70.481
411.397
6.013
132.738
114.072
38.300
360.393
59.711
5.399
8.613
69.779
17.516
60.742
53.910
17.144
49.052
59.181
182.621
102.167
641.163
289.579
28.355
21.067
534.038
52.716
56.272
1572.213
1533.559
147.153
1376.913
43.828
20.175
51.819
1156.346
1388.682
305.573
19.507
1897.547
275.078
50.658
116.198
154.303
248.958
424.595
192.089
116.123
51.547
22.060
29.209
2577.518
54.621
13.261
11.770
645.310
16.682
21.764
46.809
729.437
484.404
2120.746
48.694
121.476
666.198
640.052
490.134
15.885
38.074
337.686
1218.931
23.840
100.801
600.640
178.048
119.510
99.916
37.796
517.579
58.679
63.172
11.804
1019.810
355.773
39.744
14.890
155.361
189.056
25.601
83.179
158.373
847.709
858.916
35.325
23.370
54.337
2467.267
728.613
3110.197
672.664
113.891
39.966
11.010
93.429
252.842
70.427
36.529
734.976
45.927
36.824
104.921
27.933
88.367
219.651
14.135
78.546
58.228
887.903
484.436
14.526
5.251
20.647
78.020
54.940
10.066
54.049
25.240
81.238
11856.748
287.630
36.068
29.855
14.515
75.801
38.510
1933.349
445.649
49.900
1754.276
173.564
173.802
4545.930
28.156
103.661
2245.585
325.955
17.496
721.628
14.538
496.789
23.133
1969.925
25.511
260.522
7.288
848.785
8.877
176.444
2279.856
119.274
29.585
182.352
445.012
9.125
848.330
9.348
27.857
35.012
424.484
290.352
7.762
2322.306
551.901
1070.913
343.608
1097.108
30.388
689.136
7.684
478.492
15.548
22.087
238.298
189.599
50.745
16.119
37.338
11.348
624.632
17.279
118.769
187.871
32.307
9.697
2882.064
313.850
28.078
14.936
83.305
59.213
17.917
850.682
33.902
23.811
31.412
69.790
21.964
20.490
538.706
101.503
522.633
82.803
5.395
909.123
6.662
105.107
13.064
915.313
353.738
89.947
10.351
79.402
84.752
12.904
143.966
61.153
461.800
240.965
36.469
40.949
12.544
27.747
34.644
20.792
306.620
55.147
643.388
18.637
368.963
239.323
870.005
22.187
383.223
23.571
32.014
33.201
32.359
20.299
565.830
811.175
938.959
56.758
945.323
18.991
64.953
958.256
13.988
21.518
30.217
295.356
32.653
302.010
9.087
14.689
64.498
185.406
1091.104
507.060
20.797
7.744
48.470
43.334
19.969
51.558
64.958
36.913
143.620
4.145
14.004
7.563
22.370
12.267
332.025
340.619
17.409
19.465
35.979
19.474
333.815
6659.081
295.476
19.380
2209.698
326.851
27.553
48.823
190.640
172.224
37.835
298.737
40.332
26689.414
80.307
78.695
5.620
54.039
45.416
445.599
35.203
9.365
7.464
486.908
744.640
592.766
103.701
28.690
66.612
45.319
55.364
127.148
103.683
21.025
657.076
25.875
949.656
495.442
504.609
55.230
23.752
315.318
14.357
520.160
63.792
26.492
789.196
84.020
470.461
1933.611
84.000
11.191
13.838
285.161
14.815
191.900
2070.014
41.236
30.292
29.225
44.480
46.751
101.164
458.957
918.323
144.124
28.023
111.631
295.921
37.637
13.523
1159.660
69.806
277.279
107.598
96.771
61.750
42.889
9.019
264.444
48.535
264.891
452.369
845.148
1218.830
693.902
12.069
14.077
392.435
229.591
57.726
800.045
306.027
31.837
14.040
8.308
103.444
14.029
39.493
6.360
307.134
46.498
205.668
19.788
841.081
1025.925
584.499
1322.086
371.377
60.205
22.445
38.009
45.772
376.679
67.168
14.350
15.119
1345.221
139.496
6.309
41.570
44.216
62.081
38.255
18.251
14.466
325.016
81.810
766.813
25.947
1062.174
2322.763
45.651
441.373
236.809
66.809
53.089
24.361
39.207
99.170
493.749
1399.491
165.092
17.061
21.937
42.882
10.221
24.258
18.287
1272.678
36.071
9.675
69.857
93.517
9.195
339.554
48.743
24.411
539.236
33.710
60.135
134.346
57.731
926.478
5.568
457.460
25.084
12.149
38.332
29.038
19.944
21.976
101.281
439.220
14.189
12.176
21.020
73.507
19.049
30.501
158.413
39.494
68.074
393.052
567.177
1012.809
673.634
31.641
292.047
55.496
7027.986
1515.175
14283.213
47.955
7.716
21.973
49.787
228.364
25.742
1303.349
103.130
17.264
26.049
34.884
18.630
7.155
30.232
37.975
49.505
42.632
30.198
33.759
34.784
195.012
68.247
64.339
25.011
22.670
408.986
1341.262
77.735
208.280
508.550
277.129
25.773
78.599
27.308
89.247
117.701
288.357
783.910
516.520
33.449
218.010
962.395
31.390
124.002
1259.062
1437.746
36.915
1328.294
30.678
11.862
5116.330
22.812
856.846
1017.167
33.092
130.523
4.680
268.035
2840.833
110.752
22.214
392.698
81.578
31709.035
153.930
1128.610
69.963
1337.308
311.139
313.783
1300.955
19.127
60.119
7.644
24.033
49.972
62.624
163.733
13.576
3118.695
9.383
1056.584
35.181
6.164
72.175
53.466
659.780
3973.468
23.768
11.955
144.726
298.131
66.008
266.890
19.616
19.504
4.935
156.014
44.688
183.371
29.934
257.581
14.132
392.763
436.460
56.452
39.645
14.056
95.609
92.635
11.779
211.775
288.284
5154.368
22.694
23.109
1822.242
289.825
489.935
32.054
137.460
756.315
903.158
62.762
115.026
13.485
177.629
55.443
20.474
1332.216
209.706
107.553
36.340
54.038
95.745
2842.543
32.830
436.497
29.555
124.944
246.298
13.633
813.940
24.932
7950.654
20.896
26.514
28.108
14.838
74.912
28.206
52.570
7.739
40.876
18.725
177.874
75.912
22.298
37.410
818.633
68.936
137.761
14.859
43.627
376.072
171.733
67.392
14.127
4.497
24.973
78.859
15.687
169.964
46.618
26.373
47.451
29.525
271.262
10.046
14.698
4757.787
8.320
14.698
24.339
26.263
1741.970
884.309
874.682
8.254
718.530
21.521
85.633
13.459
32.282
10.719
56.558
68.437
42.926
339.911
35.413
12.451
2620.247
13.475
300.360
65.147
27.225
34.574
50.305
60.861
17.134
39.430
26.265
17.774
809.138
46.319
386.299
932.434
72.211
80.604
412.604
186.100
8.174
22.998
26.519
21.535
47.570
577.989
52.959
40.738
78.396
1146.897
115.064
55.005
209.783
134.965
15.543
373.155
73.625
69.850
64.145
436.932
50.345
24.648
11.054
62.988
67.675
169.739
123.496
28.737
400.279
65.992
39.936
166.537
19.912
11.130
148.625
5779.852
267.106
528.531
57.540
52.309
20.286
1262.554
359.992
16.755
56.623
71.871
27.821
248.078
35.641
95.015
1120.680
51.411
33.401
433.779
33.463
13.955
70.839
128.882
45.472
44.494
8.060
6.674
59.579
7.517
401.792
71.901
46.511
192.697
41.448
131.182
819.156
38.965
313.774
3374.674
2056.461
820.507
20.150
439.308
106.744
28.521
15.150
66.707
66.528
1781.354
29.296
12.176
426.701
29.345
33.444
216.083
78.631
15.286
305.694
93.699
149.323
14.143
540.109
49.464
223.427
22.844
61.183
820.487
66.708
29.614
281.481
828.541
192.791
64.573
313.957
16.934
127.038
25.926
73.948
228.689
29.618
38.384
978.170
1100.462
354.623
4111.832
89.702
497.043
77.421
97.085
412.209
43.521
64.334
594.528
20.611
10.600
11.211
32.785
43.994
60.760
185.458
301.783
40.949
38.954
38.348
24.658
568.210
738.467
299.662
155.063
1177.995
86.997
18.334
533.231
21.414
11.853
16.262
35.507
31.088
160.776
6.698
410.519
12.332
72.015
4.249
82.867
10.648
34.571
6.639
7.680
185.938
242.410
4353.384
271.348
17.002
155.698
11.868
12.373
561.196
18.555
16.943
190.285
50.305
7.823
22617.447
37.023
17.024
70.880
29.077
55.176
686.087
6.034
8.345
15.359
78.983
99.383
479.430
152.658
13.901
29.203
34.637
55.390
23.519
1089.668
33.738
202.360
639.426
2291.738
62.361
5.395
45.022
40.672
101.171
136.986
342.747
9.156
75.816
36.807
82.480
19.472
50.745
15.491
36.390
14.917
33.805
11.345
588.534
17.691
16.184
29.402
66.595
27.641
6.103
18.022
611.049
24.873
49.698
23.046
14.492
16.611
34.117
983.827
31.850
14.471
201.990
105.196
425.253
91.085
59.791
35.188
77.958
6.985
125.044
1176.834
20.248
1984.722
41.970
91.525
34.386
11175.710
28.836
20.979
888.297
2417.585
36.175
126.276
10.439
36.550
169.032
40.649
36.348
18.720
2866.590
12.754
45.626
25.315
243.530
23.867
25.579
1330.967
125.329
19.331
27.650
199.052
11.130
14.138
1214.405
35.061
71.807
43.685
27.149
166.525
92.541
301.558
607.622
126.512
554.469
74.468
21.834
5.741
4.497
391.611
72.434
32.476
13.028
86.836
25.432
14.361
40.853
819.489
8.950
210.117
527.357
268.496
32.150
9.219
12.432
401.840
30.825
13.211
16.693
324.260
277.552
176.384
16.709
153.409
170.129
18.025
61.237
19.897
33.381
17.723
511.775
3132.541
1730.434
317.522
66.564
18.669
10.228
26.477
806.007
33.020
12.829
20.571
1630.682
85.571
190.875
275.579
144.550
84.314
23.235
2304.121
38.537
112.076
709.396
41.133
46.368
33.382
1983.667
32.796
279.486
1610.992
14.070
59.066
146.541
28.201
1254.124
82.289
305.189
38.281
41.563
45.033
800.664
301.914
19.717
14.824
767.006
797.952
41.935
10.308
321.126
207.800
24.591
21.110
259.049
407.095
33.623
100.910
628.437
31.682
63.776
1715.746
221.509
468.615
86.941
119.499
61.199
52.035
359.687
46.641
45.374
25.128
210.914
4163.563
8.960
2497.960
19.140
364.670
54.506
403.238
8.847
18.853
37.541
366.431
211.677
37.450
1466.074
142.766
17.968
32.770
69.889
280.138
270.103
1208.454
310.668
613.744
674.209
3410.249
83.755
261.686
630.352
11.999
118.969
19.263
166.350
19122.457
1854.510
40.924
13.171
1846.435
15.373
31.351
34.276
73.511
373.569
35.350
22.633
22.244
1018.827
400.685
8.571
26.154
725.266
1267.586
1530.358
14.269
19.414
386.911
458.319
996.104
59.115
605.800
49.714
85.441
27.691
29.537
38.717
350.264
464.541
84.250
576.396
46.049
315.683
27.758
53.272
1291.949
34.228
13.898
1669.370
42.704
40.446
79.705
17.515
152.586
624.971
604.197
57.695
353.472
540.686
749.915
44.934
50.247
221.404
56.493
8.476
32.193
43.083
144.375
29.949
35.790
42.510
217.008
38.641
59.194
3.312
40.558
52.061
14641.576
30.357
1085.898
18.136
162.142
23.501
685.252
21.419
6.115
6.330
9.766
81.494
263.104
9081.118
5.291
85.427
19.130
84.404
21.605
40.758
39.823
39.762
70.466
47.949
21.073
481.278
50.855
71.189
59.126
596.636
105.292
218.460
6637.739
554.689
15.751
396.787
1065.051
458.637
58.253
110.462
267.517
119.946
26.061
18.274
136.848
29.333
151.526
25.439
7.917
31.558
53.747
336.793
120.140
541.886
187.154
46.539
35.426
42.123
132.164
200.922
13.590
2697.719
1291.372
83.896
210.716
21.015
74.739
133.814
788.414
20.163
14.059
79.872
82.835
33.013
45.946
206.876
31.554
452.215
21.365
2219.941
7.634
13.263
18.941
57.193
4655.096
13.747
92.419
680.495
34.099
83.631
92.953
24.973
348.805
56.573
145.006
52.553
13.789
42.301
35.571
65.343
53.219
683.304
484.070
40.028
95.217
183.246
31.556
88.847
39.176
234.675
20.138
3095.974
2893.966
7356.351
304.914
17.422
139.340
909.945
43.694
58.395
166.053
54.082
19.898
11609.412
149.798
43.296
18.212
23.892
25.560
32.130
12.824
2162.750
710.400
38.844
21.254
37.882
367.386
1019.099
78.583
343.905
7.242
17.060
228.227
65.260
16.425
4.935
1452.030
43.507
418.856
63.416
8.914
608.355
31.946
305.602
62.211
215.606
17.938
51.018
220.301
280.873
19.581
3394.975
21.795
93.517
24.454
30.615
471.903
18.015
59.069
12.519
19.203
104.950
836.930
257.601
35.390
136.106
86.343
97.643
22.989
21.983
4.149
57.618
7.586
15.390
18.488
11.202
30.499
439.966
22.550
410.781
432.972
88.712
1486.084
227.928
706.720
10.057
196.138
612.002
528.541
24.032
103.003
40.307
216.630
37.831
52.436
58.942
25.669
306.170
12.669
4937.625
8.313
17.132
75.740
33.484
36.726
334.148
25.185
357.442
33.279
21.368
437.337
31.933
139.548
14.261
53.430
92.368
447.856
42.202
27.968
9.440
54.682
7.841
27.131
1513.976
1331.885
30.314
441.561
38.673
48.009
45.821
48.282
551.988
667.177
315.012
7.216
75.347
883.554
101.205
102.502
83.515
231.398
4.896
11.971
10.234
2021.750
10.148
86.941
59.189
40.755
4.386
507.350
503.623
326.039
502.759
38.405
14.914
21.401
20.732
812.778
517.420
27.393
103.919
21.378
788.068
44.759
445.807
14.180
88.777
77.331
759.006
21.330
121.910
53.595
129.744
211.997
717.117
24.503
8.236
53.080
107.260
60.714
350.779
209.965
349.630
2222.798
1779.468
1112.315
56.068
48.111
30.988
41.009
23.230
82.817
55.443
27.653
30.553
1491.176
35.426
1501.570
55.476
19.674
616.736
31.616
71.614
58.270
152.246
14.425
29.185
849.637
42.434
668.166
18.573
18.177
13.724
977.034
36.198
12.826
237.834
113.514
167.776
11.511
17.679
9.210
1031.273
10.359
97.432
37.261
108.127
42.195
14.023
115.828
14.153
15.353
707.620
42.415
121.166
37.688
17.643
72.707
210.945
15.940
39.421
14.927
24.586
126.290
50.362
18.925
182.963
41.051
36.085
366.208
333.194
15.465
21.589
14.781
155.490
14.775
1288.640
19.116
22.910
15.942
146.760
33.830
40.478
848.345
104.658
327.565
51.876
7.283
44.165
312.530
14.663
101.251
80.952
27.462
39.138
4.723
10.624
102.624
46323.621
19.796
24.880
4.901
91.675
45.732
538.742
32.091
407.889
95.205
10.506
35.052
872.810
293.204
5.793
36.220
8.567
10.481
1051.412
712.993
9.225
3406.452
12795.796
20.424
138.193
69.946
609.635
42.324
105.963
8.913
14.927
21.143
15.282
118.317
704.984
861.362
83.271
20.784
25.134
182.882
21.113
340.508
100.826
19.039
11.651
385.962
385.998
34.240
763.770
54.000
25.128
374.409
25.020
188.434
227.043
47.100
28.486
49.068
127.918
24.125
124.643
67.257
33.706
62.141
109.420
248.852
322.140
7.356
126.292
1963.900
89.022
480.786
11.450
288.756
35.709
26.853
20.284
66.484
20.653
211.295
17.926
10.707
1971.608
61.139
18.687
17.618
33.439
1245.715
2978.144
1009.597
8.195
652.374
28.485
57.977
46.031
22.607
433.835
245.944
972.178
21.586
73.807
956.958
17.936
17.742
19.140
12.223
614.353
61.305
252.690
15.123
50.038
193.566
6.445
23.977
37.336
1670.002
380.414
1781.361
266.181
226.309
7.310
34.545
18.524
207.861
19.835
25.849
2066.259
115.462
395.502
29.376
847.689
235.766
117.058
47.442
648.313
245.839
615.793
10.919
1214.794
9.948
17.960
22.810
7.283
1227.214
397.252
18.588
14.725
50.962
341.868
8.862
69.105
194.626
16.637
37.917
345.981
175.671
55.834
35.808
88.743
16.205
83.467
367.561
10.362
1241.016
57.165
148.377
51.165
9.745
3174.034
10.221
41.468
38.562
397.936
4.497
511.842
47.177
42.145
35.358
1159.671
104.266
48.673
398.268
225.556
290.698
73.945
1166.051
72.953
507.852
150.653
1492.334
150.827
27.344
59.881
495.702
360.020
31.443
443.575
6.128
8.176
1036.001
30.351
25.528
34.146
357.702
146.769
157.178
22.464
33.659
1203.011
317.165
486.526
52.498
602.773
55.068
13.114
13.511
32.555
1831.535
24.422
47.931
12.425
41.442
76.584
2422.446
34.126
8.282
96.081
7.910
464.338
20.754
21.689
29.632
325.500
16.502
62.784
101.847
31.290
8.401
92.876
67.835
19.737
408.761
117.845
4.386
53.477
541.220
530.723
112.773
158.506
1900.779
5870.177
176.614
87.759
1511.637
33.171
64.672
250.523
58.454
216.446
30.574
68.481
4261.986
65.044
89.540
22.039
61.871
70.930
52.691
55.131
1005.286
44.235
7.213
43.063
1737.592
670.491
34.754
276.428
235.073
60.410
1227.395
284.982
27.432
35.275
3440.531
92.606
63.682
56.861
39.808
86.612
416.240
11.774
19.555
30.779
59.517
63.252
25.236
386.597
141.210
34.525
28.932
406.696
11.276
1602.638
34.926
314.809
1041.925
24.337
43.623
3.556
23.570
522.086
123.201
44.345
50.750
35.276
58.057
112.578
16.967
11873.847
14.217
84.227
40.104
140.531
25.188
6.889
627.725
17.256
76.140
34.509
6.967
278.894
112.777
526.156
27.260
27.658
94.396
10.372
17.768
39.624
746.318
6671.386
22.842
30.247
164.472
73.901
43.483
10.410
45.922
58.887
146.551
56.457
25.181
239.935
21.626
197.612
450.814
22.527
1121.721
529.890
3311.495
597.659
22.947
9.239
139.050
288.767
9.436
69.320
7.708
152.581
11.706
118.695
491.256
15.790
165.258
927.713
36.478
233.962
772.074
752.395
563.774
1445.766
279.486
2253.603
523.632
1254.105
41.691
43.457
17.435
186.954
33.579
114.693
486.787
194.773
21.489
215.717
668.434
67.360
18.655
16.363
46510.512
67.247
283.138
63.177
45.003
24.479
39.512
7.660
39.921
105.545
40.023
63.393
136.946
20.360
54.648
1433.200
24.198
19.488
1026.567
115.040
106.679
448.471
760.994
101.602
48.547
356.990
570.562
39.721
93.906
1159.475
589.297
11.790
12.566
28.201
12.121
81.990
21.530
31.849
22.225
28.197
1037.532
42.091
26.334
74.771
83.645
9.607
101.814
207.915
61.043
685.049
495.092
35.140
578.521
12.539
197.206
15.785
40.458
16.262
29.190
29.736
18.132
551.299
6281.387
17.679
94.996
1793.906
723.066
48.097
890.907
17.723
28.320
64.045
34.877
7.503
117.903
155.978
65.269
30.875
59.550
586.120
1238.555
232.768
14.490
1937.501
30.372
607.364
410.643
108.003
10.373
83.057
53.895
44.271
48.584
27.631
102.427
47.010
100.637
13.529
370.848
1053.463
129.706
1018.986
84.002
10.898
279.743
34.128
20.217
106.068
4.386
19.273
34.018
38.361
266.114
23.998
22.364
23.612
219.037
46.586
78.965
2878.323
22.601
591.224
17.570
120.196
28.866
302.804
120.282
734.494
555.710
36.209
436.190
167.330
2177.254
83.248
61.603
31.763
1627.580
10.730
14492.099
619.513
3390.565
33.483
36.939
975.203
293.084
65.192
14.633
713.949
55.372
21.254
279.880
433.459
75.987
12.224
343.956
10.682
51.138
761.864
14.721
36.393
85.888
217.121
43.118
24.023
87.719
26.668
94.040
23.175
82.891
16.032
431.682
241.385
19.078
38.847
30.767
351.312
699.570
32.577
52.639
20.848
353.013
12.984
11.348
19.608
259.962
520.363
101.675
208.797
13.604
354.883
3239.387
14.289
2261.903
17.695
45.402
67.282
770.651
13.221
74.685
72.381
153.956
321.779
128.156
78.166
160.067
24.355
42.768
729.019
53.305
30.046
26.284
311.090
54.932
2609.800
930.804
357.032
41.261
41.176
51.806
487.075
21.850
32.230
240.024
68.004
1342.239
156.115
14.241
31.297
33.602
72.206
983.448
388.242
3799.132
12.012
59.954
826.068
889.673
31.643
300.268
64.652
760.618
126.334
36.711
279.375
197.782
347.318
398.365
5.911
11.591
17.409
1324.194
20.017
383.070
210.686
610.642
1619.165
258.412
104.407
949.920
189.348
20.547
690.177
321.022
19.881
666.677
91.449
47.278
1792.353
577.044
1263.545
1682.041
40.301
719.337
106.973
410.852
11.284
116.988
167.542
19.089
225.257
322.140
19.550
300.898
257.587
150.585
83.270
1223.308
21.341
4.500
10.666
424.412
4.145
6.583
36.146
24.652
54.319
127.094
86.315
26.670
89.691
29.477
91.919
793.058
50.270
428.567
18.445
384.302
12.503
50.940
1528.104
42.059
38.273
802.291
7.085
235.813
31.817
4174.425
287.466
7.160
193.454
2469.831
24.801
2988.798
6.496
1606.806
17.747
17951.830
242.949
189.538
35.889
6.503
9219.358
2437.706
54.228
80.702
41.591
430.219
23.077
1487.898
875.349
30.256
388.110
26.159
286.480
291.604
45.222
350.866
1224.197
61.439
29.183
443.686
150.733
38874.926
28.989
15.303
16999086.000
159.162
293.463
55.953
70.714
161.986
100.299
84.453
28.588
105.176
37.405
34.432
926.252
40016.336
119.435
7.616
215.207
57.478
177.572
14.407
17.698
8.913
89.133
50.998
233.227
16.788
141.714
13.184
67.041
40.740
34.033
1250.908
15.274
157.791
370.758
117.493
866.391
53292.438
476.640
55.590
6.099
38.044
815.902
71.922
11.891
33.420
388.280
1096.322
3034.093
7.310
110.934
127.254
484.696
62.534
22.960
107.289
28.255
16.713
1738.940
11879.611
10.446
90.205
310.304
7814.919
41.207
13.180
32.842
20.582
199.012
580.644
132.606
1616.885
53.657
77.530
63.968
65.029
15.966
17.498
89.016
731.840
459.661
1170.582
39.951
101.438
65.996
318.860
106.173
358.066
190.267
617.744
28.528
10.624
16.617
243.621
56.705
81.705
1212.855
12.220
36.842
888.586
47.057
7948.281
1537.005
6.698
249.371
18.004
74.075
162.861
5.210
57260.926
175.381
1520.240
470.146
5.436
4467.124
1733.490
63.726
460.984
11.792
80.064
11.801
481.174
885.435
7.977
108.719
14.191
43.624
98.845
136.117
11.848
2217.221
569.905
79.442
57.944
30.870
2300.219
146.865
65.901
1194.751
31.782
30.781
31.830
56.762
431.123
45.779
544.884
11.343
75.074
175.524
22.152
82.726
37.155
1651.924
36.075
12.039
160.878
86.094
219.231
68.719
216.319
133.156
333.959
14463.159
34.473
381.022
7296.104
354.452
522.391
320.403
29.041
1124.024
39.939
22.956
136.727
814.926
92.488
279.206
224.263
40.316
8.161
36.421
562.957
312.118
18.426
22.035
17.058
1420.899
22.020
42.257
1197.804
1445.706
423.863
26.985
49.095
204.943
41.838
48.761
2277.019
29.595
257.445
17.138
134.681
24.272
195.264
15.031
61.428
5.294
172.372
2498.792
17.632
22.440
255.897
776.208
16.808
24.827
1533.894
55.198
22.411
108.910
9.667
34.381
46.039
48291.570
36.973
41.598
8.797
430.122
32.342
15.898
150.815
190.365
67.365
707.443
568.682
84.761
143.010
1575.699
11.649
10.898
139.822
223.108
793.060
1480.875
195.188
31.011
254.583
895.414
1994.466
346.879
7.493
1290.211
58.529
34.355
35.176
759.083
62.102
62.789
30.927
127.645
45.092
304.794
36.763
19.026
31.037
984.326
11.969
35.676
40.507
50.079
1616.606
113.667
66.000
22.553
133.920
45.196
13.895
24.431
73.752
45.873
72.801
315.559
43.224
63.261
13.974
46.040
492.574
16.716
159.652
49.100
51.713
14.779
16.590
188.792
129.202
96.943
32.564
2138.385
116.611
244.146
694.842
46.431
34.559
433.898
40.104
2512.205
129.029
39.628
16.849
354.392
43.460
63.634
256.538
212.004
434.640
1392.537
8.479
34.199
430.814
16.150
57.681
25.403
12.230
202.766
200.842
11.494
120.754
429.534
18.460
75.932
364.922
437.704
347.117
35.360
26.136
99.876
25.554
936.661
1433.200
89.896
386.195
48.078
37.483
38.993
18.445
506800.094
1211.474
1348.693
4001.292
1930.815
1100.445
35.387
266.124
243.809
24635.793
57.480
40.406
66.116
14.202
56.995
29.305
1125.013
87.026
22.286
463.643
87.626
868.284
286.329
949.031
1048.568
235.930
719.088
57.904
136.624
6869.414
11.310
25.571
5.937
18.905
4.588
24.502
80.786
22.739
43.721
746.278
1025.533
1101.981
50.324
11.805
34.167
512.822
97.432
939.848
331.676
144.730
47.716
351.082
20.500
953.886
527.840
9.934
30.177
21.559
96.758
164.076
80.757
84.764
36.625
752.571
36.439
21.552
52.873
71.494
36.951
28.331
22.620
1643.177
589.454
92.116
247.290
51.516
21.168
4.726
137.642
23.105
6.041
12.373
898.865
54.091
55.627
12.891
11.314
588.246
136.836
16.222
158.691
18.113
46.004
45.054
40.997
63.972
27.026
128.700
12.527
10.147
10.624
385.918
25.811
330.978
30.453
55.716
10.783
1034.454
385.437
29.869
11.544
14.790
1801.443
412.754
40.727
24.410
37.937
391.432
54.093
61.125
12.180
49.196
4.497
579.728
28.474
1237.688
16.554
4336.896
26.101
55.146
813.358
60.546
38.971
2799.097
436.231
62.032
34.916
93.394
294.583
368.497
1246.609
48.461
65.356
46.648
109.815
16.078
36.051
17.805
24.698
79.448
705.067
19.492
15.666
13.875
7.451
136.981
37.453
230.736
26.344
10.718
23.001
66.441
34.600
8.549
97.069
20.381
30.023
33.935
83.813
33.848
279.486
510.508
305.620
129.235
21.863
263.575
182.684
112.540
11.579
75.621
78.738
11.898
766.069
23.963
208.658
35.411
31.456
44.486
85.886
60.141
83.980
286.579
44.045
50.015
572.246
120.439
30.505
43.243
231.705
137.505
21.695
22.477
51.635
17.364
57.682
29.590
8.415
33.087
499.001
2490.640
8394.001
6.625
89.162
83.554
44.768
18.244
247.036
201.030
57.407
16.647
9.390
3582.298
40.233
6.034
16.694
6.234
6.837
37.394
25.219
563.972
100.280
35.411
39.085
78.514
9.421
278.643
2396.520
5085.605
77.439
99.820
94.472
276.316
9.228
30.808
396.683
21.568
31.178
259.605
290.695
2507.532
37.875
10.624
74.916
34.400
38.107
487.386
9.605
217.765
25.308
9.311
21.274
7.570
10.808
1399.750
88.366
58.386
35.996
17.623
307.787
64.415
52.577
296.812
684.675
246.666
4433.713
67.130
118.754
4.632
27.313
32.015
85.866
12.856
85.806
49.632
78.496
208.731
7480.967
1897.089
3480923.000
419.698
7.835
442.286
46.679
54.475
7.356
688.677
22.160
65.644
36.099
14.830
4.431
19.083
354.914
99.504
797.226
7680.989
54.481
741.611
384.566
130.074
19.190
22.558
27.377
20.817
14.935
12.843
483.843
226.469
9.833
281.756
35.402
1233.582
343.523
8.254
301.235
97.503
25.745
834.027
118.689
89.710
37.177
115.199
65.408
374.975
78.794
12.345
392.837
6.054
103.196
92.923
284.162
800.445
74.372
26.836
43.089
278.050
36.059
445.812
18.550
24.622
10.257
14.808
754.882
104.067
76.295
711.202
25.059
25.790
138.225
862.241
1403.203
92.883
100.165
3106.960
81.422
14.511
146.288
575.674
94.048
6.952
236.847
228.387
321.194
72.353
118.529
7.303
17.058
826.147
456.602
110.946
1302.524
1689.355
149.460
300.456
194.106
70.237
95.325
653.128
13.256
10.478
19.196
34.000
51.182
11.465
7.357
149.290
42.817
2694.356
642.758
4.958
216.139
39.327
279.416
714.650
8.714
531.024
20.669
1417.419
95.549
16.843
734.713
19.156
52.084
37.248
46.124
237.016
3095.319
1242.512
31.176
3253.378
28.553
23.021
66.219
20.165
42.440
685.007
10.079
41.228
121.434
14.348
13.138
321.151
45.251
26.628
4735.999
15.230
511.543
291.551
518.655
24.218
142.531
22.499
77.281
382.933
11.375
57.887
423.931
309.387
1205.404
841.049
44.236
10.213
145.507
40.782
26.877
73.648
9.216
30.338
14.885
294.854
24.406
92.219
74.557
90.376
123.319
62.603
363.382
13.149
63.189
559.962
75.683
13.047
1309.669
55.379
6.573
16.296
365.962
124.183
1642.460
103.999
63.164
1334.764
1172.123
78.073
5909.822
47.137
8.349
297.998
211.183
32.562
18.827
576.572
514.128
21.380
295.370
1451.399
35.104
43.163
47.283
82.666
127.622
68.939
2268.342
14.385
606.218
33.190
38.548
652.779
281.990
68.015
92.993
76.794
773.109
583.990
30.505
1372.771
548.476
491.886
48.309
522.349
35.516
1997.861
61.128
101.916
8.162
2672.531
50.827
28.051
29.157
154.496
50.781
268.451
15.296
26.934
540.073
27.612
764.900
1097.117
5.842
93.343
22.746
80.368
50.121
36.903
484.757
47.226
57.449
439.165
45.255
22.984
208.466
16.768
410.579
30.553
861.325
58.247
19.063
36.961
1006.998
11.262
31.098
343.653
13.429
10.232
25.981
16.652
129.573
44.563
35.803
28.129
89.695
44.475
163.493
35.322
480.381
1061.089
12.166
8.335
329.663
65.544
145.331
69.047
405.299
1008.167
42.174
36.104
572.055
23.837
4759.820
907.685
71.203
11.797
47.602
403.628
15.873
34.270
64.202
36.180
35.347
37.667
13.176
170.835
28.556
402.788
257.079
293.282
63.905
16.570
224.203
10.157
46.066
27.071
563.905
173.361
34.941
55.743
97.064
17.525
911.281
87.716
82.707
457.461
659.572
74.477
59.807
40.825
892.924
7.111
384.796
160.323
32.252
90.532
15.763
39.407
42.490
595.482
50.423
317.363
812.098
40.115
284.134
806.052
510.078
61.452
47.385
4.249
61.143
56.746
20.101
825.533
77.616
885.363
4767.143
5.308
53.511
3.657
23.480
44.260
47.039
13.614
13.577
135.868
15.731
20.259
138.690
148.946
2182.744
149.563
137.789
1983.912
29.364
429.331
20.001
1408.228
603.881
227.516
306.108
15.410
40.407
484.350
1419.343
43141.398
25.957
439.262
22.769
914.955
761.146
72.438
65.722
48.098
273.608
50.738
721.243
8.530
619.951
140.789
103.042
42.711
10.171
3830.532
327.014
586.817
32.862
68.632
60.785
41.703
11.150
27.793
11.811
41.343
69.019
726.291
107.791
488.987
189.093
25.769
3151.695
73.514
121.152
494.869
39.901
49.685
122.895
17.036
9.525
63.910
57.446
40.480
2131.580
488.210
54.305
39.342
773.174
105.465
21.260
132.376
21.751
5.166
470.600
55.465
447.441
38.409
316.382
8404.214
72.306
36.302
34.775
26.559
22.414
35.122
21.456
208.620
986.624
10.339
752.834
516.910
12.356
90.915
468.898
60.883
46.249
31.591
78.340
340.242
21.776
78.070
462.539
46.792
1987.415
74.817
26.823
45.909
61.393
32.802
16.178
139.932
259.549
36.225
56.583
528.989
25.477
36.441
26.745
1131.173
100.143
1833.313
762.543
56.421
98.045
1755.771
14.256
568.767
58.444
29.903
330.159
17.083
55.208
93.251
98.383
1047.268
781.304
348.414
16.573
493.560
75.635
240.872
66.732
33.323
2987.202
261.985
638.729
127.428
24.217
14.310
27.731
638.936
448.152
306.785
213.021
1434.809
25.598
10.333
1459.082
133.873
1250.254
15991.009
44.612
371.857
16.355
28.464
80.947
222.107
239.429
1937.501
364.496
320.172
99.966
4.878
23.214
647.116
103.641
213.497
5.210
59.734
719.764
49.589
931.308
22.225
29.214
124.481
12.819
46.549
547.640
29.164
186.355
29.041
20.527
21.149
1755.543
244.146
11.769
104.090
56.642
3853.182
19.632
25.732
30.156
32.802
11.839
29.107
61.077
1366.014
47.239
11.704
1153.177
81.631
20.761
246.736
386.165
9.184
24.721
867.352
47.827
47.760
835.394
70.387
88.423
1366.140
814.812
458.061
30.587
27.119
45.706
69.619
67.682
1065.993
633.610
588.422
1429.979
9.615
8552.818
12.525
207.056
1300.878
504.175
68.246
29.193
27.586
65.632
4.149
110.000
190.461
34.360
70.333
29.972
349.837
131.261
659.908
34.003
175.037
155.401
33.515
30.801
965.992
88.153
834.263
8.714
1408.461
34.381
58.843
54.073
11.227
4.146
23.929
33.522
21.609
66.211
326.220
55.376
25.857
284.316
355.799
28.243
1178.365
459.917
58.488
90.245
516.724
11.642
14.029
800.328
55.755
18.006
249.463
29.511
424.412
18.918
93.000
125.191
97.659
812.690
349.127
72.518
733.323
89.980
1807.640
80.539
16.181
31.137
11.329
181.162
230.054
233.379
17.971
248.011
963.514
11.088
2057.046
2369.679
139.712
318.835
17.273
401.213
272.770
139.998
2661.051
359.406
299.042
34.378
4061.494
115.800
618.768
25.288
50.057
42.443
282.212
35.986
41.280
79.965
362.228
13.081
546.786
10.858
81.160
247.881
299.979
502.407
35.629
154.397
234.645
233.623
23.127
39.193
15.022
715.895
48.264
48.136
3098.630
90.871
34.290
1791.913
387.903
12.129
26.796
13.087
7.066
24.423
24.617
50.494
40.610
63.255
1455.595
84.618
26.125
922.556
163.829
428.050
34.314
159.448
41.457
393.334
27.401
49.655
17.381
498.788
48.123
311.901
80.274
4.726
94.614
62.979
11.625
386.900
714.209
139.269
878.068
8.775
22.294
48.983
75.381
32.326
76.975
35.036
912.002
20.241
415.812
41.585
11.181
128.923
25.304
16.040
4.249
20.980
53.925
263.003
2007.221
69.647
35.163
4337.823
352.379
36.080
71.349
362.680
661.306
333.385
1257.400
12.540
393.059
44.009
52.364
57.974
32.192
466.444
7455.420
125.095
15.852
16.800
28.192
14.288
48.041
193.275
48.953
71.960
397.991
75.313
1492.541
61.219
28.331
19.909
32.785
492.579
28.105
25.723
114.363
2921.329
1209.079
1169.141
66.136
38.718
37.666
24.285
1027.202
39.363
19.209
15.228
1216.180
191.092
17.812
104.766
2034.913
92.233
1312.178
739.495
24.228
6.034
38.614
183.162
10.677
517.555
43.395
20.666
59.515
868.248
275.546
37.372
653.742
1038.263
58.433
39.790
304.766
1027.376
2056.289
10.624
529.607
55.531
41.547
31.436
26.549
93.577
36.112
8832.202
18.442
5.740
53.682
119.902
9.707
34.563
19.706
230.363
958.041
29.828
624.626
253.279
54.639
1151.104
57.498
435.562
31.565
2635.799
39.224
35.253
19.334
123.466
38.368
168.375
632.429
642.023
96.649
14.665
63.340
2147.267
44.628
18.001
1446.392
14.136
265.649
431.534
117.043
11.839
67.972
6.410
177.514
475.556
5.490
631.957
819.424
13.680
216.751
785.639
324.789
266.885
2509.362
27.075
164.620
15.002
46.249
1340.586
28.375
65.948
220.610
924.677
28.386
111.949
24.425
106.662
10.560
25.985
1046.172
22.231
25.293
31.963
11.497
85.890
33.175
1100.208
59.259
26.124
22.200
3.890
74.475
948.832
1055.403
181.249
22.842
229.220
1433.200
54.372
768.433
24.789
30.954
69.089
118.296
298.683
47.976
227.824
260.359
74.273
1731.283
116.649
471.131
16.966
484.921
1137.484
100.503
72.534
983.227
37.072
22.349
402.203
39.337
952.010
27.555
7.051
44.661
275.994
457.289
3333.568
68.176
111.130
1008.606
142.913
45.426
158.174
295.470
219.819
10.210
32.265
1906.338
97.418
53.043
47.096
11.818
28.811
26.424
17.054
615.828
13.720
17.425
635.398
16.278
370.847
67.383
922.814
102.649
34.428
59.550
38.227
23.141
114.898
23.862
584.598
305.394
40.839
69.695
559.170
20.681
460.410
10.348
74.043
188.183
5.935
2193.924
287.944
928.521
541.918
8286.546
108.931
25.295
20.659
154.861
18.125
466.594
14.469
33.004
676.956
774.454
205.820
4368.656
122.058
28.049
8.836
34.485
261.770
17.780
783.247
62.594
189.743
513.146
27.972
18.640
4.386
944.339
208.599
38.934
161.822
17.374
1060.710
36.412
19.576
38.189
3509.832
12.689
317.628
17.900
136.814
898.148
55.537
27.993
7419.508
12.176
138.893
14.927
28.151
363.049
16.022
15.306
104.192
25.817
154.474
19.468
84.860
73.555
5.994
7.962
41.618
566.168
366.000
16.747
60.983
263.546
60.572
139.512
50.914
105.326
425.918
26.383
393.465
1492.347
25.878
105.044
22.016
17.846
47.630
679.093
778.565
2122.455
801.426
35.148
137.391
22.173
3.556
36.699
40.643
113.798
111.720
126.324
15.722
439.229
10.658
29.005
26.691
371.585
70.251
40.807
458.128
31.330
229.057
9.898
40.166
99.851
561.634
2359.195
1019.257
42.469
29.657
124.356
19.996
675.440
83.250
126.665
21.882
36.903
39.234
653.221
3063.757
409.200
285.120
331.769
157.720
21.942
22.131
40.642
1257.082
19.719
42.041
100.464
17.701
321.173
528.792
68.424
24.200
32.752
68.516
29.624
66.338
3061.622
503.777
430.925
70.015
76.954
9.950
23.979
309.469
76.447
229.398
1022.501
57.990
185.357
18.525
29.487
510.384
187.187
37.564
21.534
786.070
1108.255
36.887
14.888
81.334
43.694
1697.523
1154.345
52.082
856.372
122.478
337582.969
1067.773
46.278
1245.712
31.514
56.793
310.505
10.943
82.532
35.902
350.352
113.824
499.581
355.515
35.105
39.479
145.412
34.096
388.853
32.798
77.385
569.207
30.202
239.557
94.837
542.352
95.251
36.162
134.352
627.443
5.794
466.390
21.409
79.346
29.904
14.554
40.607
814.961
449.137
1139.244
11.013
53.248
14.912
48.652
100.622
5.577
662.060
328.856
450.598
7.521
47.935
232.806
30.028
36.395
61.789
7.939
42.620
27.273
1605.289
1653.647
190.673
61.642
102.920
30.622
15.323
24.004
24.036
186.596
1129.316
694.840
47.023
3042.565
44.770
479.317
9.931
262.425
347.413
14.847
41.189
210.997
326.476
112.403
33.719
385.174
2832.267
13.699
63.541
62.908
32.429
1468.940
81.344
10.058
76.032
847.200
26.645
37.509
359.509
37.093
440.497
21.410
483.768
27.677
14.487
48.133
140.146
86.321
1055.065
75.687
1467.877
95.465
20.346
83.766
17.011
135.169
219.018
12.674
16.430
1342.000
11.966
450.876
350.051
145.379
52.443
737.942
16.826
119.620
264.979
14.018
1211.051
76.761
197.860
16.866
242.159
42.882
39.693
75.139
32.189
52.538
11.934
42.888
303.360
31.002
23.411
3425.131
244.969
39.564
24.945
24.336
35.513
46.907
773.722
1423.165
26.840
592.561
7.514
38.891
15.088
9.329
1419.138
2496.539
14.700
40.361
21.018
10.506
296.365
15.057
15.173
82.419
4685.391
36.306
19.102
10.520
715.433
84.735
3802.659
18.181
45.037
438.458
207.510
722.647
15.879
64.419
554.667
37.823
35.332
103.583
39.855
41.177
6.634
28.790
28.260
12.971
413.654
3.803
7.367
40.881
40.250
258.445
24.512
23.069
59.869
4183.089
87.989
1124.737
56.043
22.385
638.438
495.693
15.831
522.755
26.317
27.147
96.273
614.896
209.968
106.792
62.834
252.498
273.682
27.088
45.484
359.262
5.180
262.948
430.081
62.216
66.517
234.683
7.214
8046.998
614.146
34.932
127.083
54.421
72.093
8.071
31.991
27.409
22.165
5.976
6.487
25.031
1008.748
1402.176
11.236
88.557
33.088
13.324
530.518
1701.723
24.751
72.643
131.359
71.804
397.289
18.848
154.279
548.455
506.962
312.847
1290.693
47.646
11.681
59.846
80.384
617.689
53.670
878.416
40.628
307.885
14.506
90.489
1324.426
115.853
37.996
17.732
10.951
1030.813
19.000
16.491
18.285
12.718
603.694
126.907
7.102
33.725
1447.274
15.608
29.704
798.188
16.057
159.259
4.249
68.591
30.106
12.878
20.979
804.812
633.867
13.625
180.729
36.511
21.691
40.843
35.032
690.405
16.355
15.138
12.976
33.200
344.186
5.968
556.607
601.495
144.707
510.429
9137.568
30.431
18.397
378.802
128.584
192.263
15.364
35.162
243.317
14.053
1144.861
18.330
39.769
165.020
10.461
17.613
21.724
49.077
19400.287
11.783
51.057
28.345
39.881
3071.454
149.290
37.316
6.813
53.695
114.502
75.154
6.391
41.815
149.279
86.444
37.493
29.835
62.440
1109.630
5.315
283.221
84.884
53.145
497.568
129.418
77.408
174.724
272.522
108.628
4642.146
48.108
31.531
1928.617
126.145
31.701
865.581
72.694
22.319
130.642
15.508
811.963
24.708
9.001
123.564
15.824
91.270
46.274
101.574
346.961
30.938
50.193
65.446
29.124
75.239
244.001
11.618
817.270
8.623
58.821
25.870
14416.518
130580.734
26.899
218.595
69.014
20.801
59.817
23.868
29.364
7.613
3148.471
42.521
638.199
5.992
21.038
341.868
27.014
31.313
987.660
1875.053
148.484
143.240
33.573
1909.790
29.749
5.414
21.682
110.334
32546.797
5.490
233.307
16.080
21.312
35.828
84.642
32.183
24.515
9.750
11.995
12.854
13.477
502.232
14.441
25.212
21.238
19.228
16.910
23.920
300.935
37.920
3032.811
169.187
257.002
616.876
11.083
370.585
40016.336
349.636
495.035
147.035
1080.580
59.787
14.482
18.454
58.217
10.960
8.156
625.346
305.584
37.554
922.241
390.842
460.281
259.812
270.395
51.543
42.380
18.416
136.070
473.260
216.485
9.394
882.826
641.200
31.839
8.595
25.082
32.517
22.476
1216.869
330.919
193.112
338.858
32.665
1081.727
18.580
593.974
370.273
35.155
7.116
46.790
45.584
244.453
7.582
154.851
72.546
379.703
18.897
34.449
6.239
775.247
254.696
228.082
19.645
12.629
101.515
22.537
264.399
921.578
48.183
32.104
30.247
323.331
22.050
27.266
23.228
33.307
212.281
1404.200
4955.915
972.979
11.027
87.102
42.673
10.719
60.188
70.541
124.153
473.012
77.719
447.747
6.395
17.126
10.519
142.707
30.559
22.818
213.489
152.291
5568.021
37.541
19.253
6.036
40.448
385.998
7.193
1087.720
35.263
2462.256
706.981
274.643
24.518
157.183
16.651
24.474
26.005
727.288
139.388
14.442
441.765
10.569
25.263
739.108
417.615
22.356
1071.416
843.973
957.924
224.720
62.729
142.392
40.410
93.352
504.931
338.620
37.014
5.727
171.596
796.190
121.771
32.799
2318.065
171.343
266.056
414.729
60.450
270.774
25.817
16.097
111.625
171.790
289.661
30.794
175.207
1410.142
35.916
415.059
23.356
51.752
89.025
603.001
106.097
109.290
3402.199
99.352
72.873
16.529
1003.168
268.370
70.179
47.198
2130.739
635.909
93.857
23.413
380.236
32.083
72.300
142.736
43.442
292.934
50.944
18.514
2014.644
18.157
2874.319
1639.769
12.554
27.211
26.154
152.987
12.775
9.518
32.210
1795.328
879.432
131.301
18.328
275.608
182.056
998.184
47.858
22.685
708.651
1049.848
216.555
124.794
41.912
873.124
67.834
67.072
16.174
117.737
14.042
18.620
2102.595
70.873
15.373
53.536
48.030
468.187
79.286
83.852
1120.009
17.463
534.329
22.335
12.969
63.370
995.619
13.918
67.464
2195.579
19.447
10.276
65.565
1528.679
11483.321
61.857
35.301
4.307
735.963
4283.064
475.023
125.822
36.466
89.517
6.034
91.227
26.950
334.489
22.511
90.892
11.835
292.311
290.208
335.226
647.970
34.921
370.957
3263.667
50.283
18.660
17.979
31.642
2793.034
55.790
33.828
32.126
333.072
423.976
229.697
118.804
7.810
12.415
87.271
79.422
831.483
222.078
38.753
797.078
11.219
17.082
57260.926
26.109
2285.154
344.040
23.096
70.509
24.351
41.324
1832.029
6.105
13.948
31.910
97.215
44.818
306.809
38.774
2079.781
40.426
15.536
84.921
40.412
35.297
134.285
31.153
14.884
37255.422
1138.739
232.720
54.224
20.167
21.776
30.110
129.141
3.556
26.582
6.824
117.891
102.070
764.882
81.205
22.383
11.057
7.346
32.766
12829.753
116.315
48.264
11.460
21.185
19.602
726.348
123.644
7.642
47.652
13.233
814.379
33.789
1633.576
19.379
3372.811
35.426
16.253
4036.079
144.567
12.317
16.764
60.535
11.999
29.465
361.259
31.553
607.323
12.783
1447.626
10.653
1084.354
62.767
88.282
52.664
854.188
340.844
909.245
285.922
35.990
24.763
102.001
37.895
98.871
297.157
33.899
79.222
842.686
16.311
335.246
62.375
27.640
48.163
36.031
95.685
493.631
21.982
17.289
221.011
432.197
20.312
69.376
55.359
49.605
895.818
13.008
884.219
19.503
755.435
134.321
66.511
336.929
19.625
18.914
1163.444
18.298
19.513
9164.098
1335.603
78.893
9.333
31.747
214.108
52.156
793.106
30.345
14.391
161.293
73.193
2268.679
277.764
398.347
396.210
15381.851
39.490
49.503
437.874
32.403
646.408
2357.469
12.259
164.247
67.942
62.530
21.239
3142.843
1125.960
801.750
1714.759
800.664
474.739
53.937
270.767
3.312
15.586
1684.377
5.940
16.464
84.996
43.098
30.101
17.910
101.159
81.929
7.752
28.886
22.115
39.245
9.246
19.014
51.203
24.704
109.037
32.371
1649.785
10.714
9.228
20.144
337.789
272.532
49.112
6.392
2569.451
562.731
394.784
56.013
1115.321
1833.018
27.245
24.723
574.659
208.930
255.599
18.142
1083.855
421.612
43.070
49.183
19.479
20.831
312.542
103.995
174.227
60.023
111.268
24.714
15.026
234.981
427.613
107.140
102.754
19.477
42.470
74.639
2017.381
19.643
64.879
36.478
74.073
14.771
22.211
8.659
1232.686
6.540
49.001
186.091
20.821
121.911
14.658
22.363
17.717
8.012
541.877
733.610
1723.624
1093.269
6.722
14.568
2537.708
10.979
136.093
9.165
383.533
15.361
184.765
620.644
20.297
1079.245
62.922
16.014
41.755
32.956
4.386
82.436
15.583
123.784
553.926
308.730
491.396
79.815
34.900
91.486
218.070
4652.429
143.833
19.888
39.335
68.074
44.893
9.447
58.965
414.655
20.020
7.544
1438.468
6.386
129.571
24.428
270.186
219.569
972.848
2364.011
71.797
24.289
21.911
838.596
4037.954
19.570
35.696
35.891
165.921
1324.246
107.452
32.896
367.954
21.994
691.333
545.771
459.287
33.441
324.070
35.825
68.693
9.239
72.422
1314008.000
44.396
34.416
171.899
13.129
25.256
353.566
11.793
82.441
67.780
58.955
438.822
5263.217
14.951
541.949
63.537
662.721
24.710
489.230
5.403
128.982
11.994
2310.448
15.909
52.016
24.698
17.420
15.083
25.670
3134.824
39.316
42.517
348.666
20.358
26.489
42.255
54.660
28.576
31.888
22.088
28.056
1230.182
38.597
5664.828
6.698
151.779
144.394
84.867
289.980
5.560
30.624
18.637
581.208
93.887
26.364
18.710
103.624
1193.795
227.179
324.561
2013.638
114.200
19.780
674.785
57.540
42.206
45.103
410.864
1360.575
33.564
360.807
29.692
25.213
55.388
101.037
29.803
392.023
263.682
84.564
21.113
245.425
72.624
16.000
1978.787
11.103
87.157
145.539
39.326
2980.114
23.821
76.981
26.050
32.146
73.586
31.683
286.304
219.793
50.846
369.373
65.360
400.926
127.634
81.542
161.266
131.556
433.864
29.660
782.360
10.642
187.423
8.006
470.416
40.857
34.038
16.198
97.043
240.531
666.664
154.943
332.217
142.959
33.169
1223.078
17.424
6.497
40.173
428.758
11.137
14.105
720.632
327.254
496.655
813.937
959.180
73.684
50.921
1162.683
31.910
70.818
1101.212
31.470
295.923
42.180
8.945
535.028
203.283
25.084
107.103
498.226
9.784
647.871
124.712
38.278
39.149
38.613
75.613
17.723
23.013
708.431
145.368
67.544
90.524
20.426
235.947
101.499
605.440
10.901
49.010
670.041
102.594
492.852
2511.848
745.150
28.725
68.926
19.757
18.134
955.318
16.784
212.913
207.164
1076.719
54.747
49.243
56.449
51.453
338.306
41.892
37.459
29.059
30.505
6.845
29.015
47.057
150.876
59.329
8.330
953.302
19.462
133.013
651.753
6502.938
24.820
16.192
723.171
76.453
135.595
68.591
26.140
450.791
9.898
583.511
2468.443
9.029
227.147
105.355
112.421
6109.358
718.753
1785.798
252.286
2144.335
1188.165
8.714
910.359
152.928
730.821
47.452
20.338
8.882
13.453
63.955
55.527
1380.388
35.803
144.160
999.954
49.493
640.709
5.741
1404.389
58.763
415.841
18.279
478.049
38.466
111.467
899.067
25.779
690.663
32.884
11.637
125.257
1054.466
17.599
27.603
44.051
66.329
36.484
1143.468
128.054
23.238
107.379
41.498
329.807
290.460
26.515
15.737
682.643
238.990
10.515
50.723
28.169
15.343
10.043
32.675
30.280
266.445
585.722
21.931
39.093
53.898
852.133
33.487
204.576
534.854
142.943
21.980
10.865
21.460
36.280
68.993
13.192
5834.774
189.923
156.658
25.074
531.894
9.706
26.405
571.515
83.464
17.304
18.191
477.459
10.572
91.440
78.347
17.062
64.480
127.311
7.580
1583.452
28.210
157.563
31.017
23.790
1550.619
26.816
18.899
339.643
286.604
42.918
81.522
295.377
42.256
35.017
20.935
13.332
16.994
18.555
36.115
202.508
8.368
48.667
23.860
192.274
23.175
5.980
295.121
709.636
48.665
6.838
66.052
933.797
188.644
49.345
195.315
435.293
1612.094
20.327
5.835
10.275
73.491
67.583
47.707
17.565
23.630
50.441
33.574
61.803
14.309
50.733
432.492
27.653
54.527
1667.811
116.503
26.801
15.736
249.928
1274.248
61.173
12.717
408.141
9.579
929.851
13.070
404.393
20.167
175.921
665.217
17.012
214.008
247.851
41.498
19.908
82.087
440.236
14.737
68.607
13.894
290.761
25.347
63.206
36.852
17.395
172.060
96.549
85.553
29.342
2556.728
76.474
65.894
6.506
56.753
138.684
8.967
60.280
664.109
320.847
1592.804
1615.973
8.967
82.568
39.484
594.924
139.190
6.675
23.853
13.214
37.545
83.073
40.911
47.860
54.374
89.007
10.480
11609.412
36.272
28.014
51.239
582.846
105.910
2700.267
111.668
1060.934
39.860
1073.865
180.584
69.422
5568.244
931.836
246.268
108.409
16.255
4.262
408.882
166.253
124.000
22.268
29.402
2397.905
71.534
299.885
77.979
679.181
10.641
85.752
80.754
11873.847
12.841
102.715
22.552
7.744
50847.637
29.596
261.855
403.719
40.927
64.505
58.422
564.133
10.244
447.382
199.514
36.862
120.430
44.853
1222.712
24.657
48.120
468.553
24.614
30.151
12.383
20.147
683.693
31.246
878.778
30.151
48.800
450.163
5.882
1492.258
70.687
56.596
35.570
51.260
152.174
110.678
42.427
42.939
15.098
6184.457
41.078
1321.600
100.413
8.381
72.665
21.122
8.071
56.267
200.616
68.479
59.185
25.443
133.606
42.159
967.364
72.407
9.795
719.629
25.299
295.976
19.688
717.374
94.576
26.931
453.577
29.738
18.127
53.355
5.432
31.737
6.896
405.413
341.437
78.509
27.147
340.163
4.386
1522.707
6.849
37.187
136.300
1160.536
6.898
63.188
321.005
13.359
30.834
614.097
76.773
109.597
5.741
28.492
262.788
34.231
937.291
30.166
26.588
62.013
158.478
90.808
3887.542
510.467
12.623
590.289
36.660
1130.417
87.921
51.910
32.764
77.228
621.040
29.113
4110.930
211.034
95.030
68.191
59.337
315.460
347.429
34.010
29.964
948.843
91.054
146.595
514.372
39.470
299.451
242.764
102.156
32.100
108.889
103.982
12.158
10.718
1589.269
492.767
741.620
218.647
10.895
2372.484
107.764
25.969
34.811
11.497
144.633
23.624
20.732
83.395
52.168
354.167
257.165
937.971
1073.217
676.042
36.459
424.412
36.835
42.204
49.769
19.300
22.889
42.163
139.726
41.868
26.588
23.848
13.809
33.967
19.278
793.712
47.209
104.744
7.309
66.941
29.958
305.546
364.449
11.460
53.605
170.942
93.438
23.819
134.175
25.850
10844.024
71.258
156.845
100.587
18.215
1735.616
1119.502
38.752
20.831
63.869
20.684
438.171
67.807
1022.092
65.508
22.578
1787.286
13.754
39.110
814.383
22.995
353.061
36.625
235.768
15.194
93.534
1326.352
760.611
225.778
15.465
656.679
1228.803
65.480
4.467
43.725
51.472
461.866
17.265
10.981
61.542
121.327
37.727
3379.369
273.496
27.591
369.798
13.052
290.605
5164.573
33.836
415.179
254.663
2086.445
41.765
1243.976
388.359
51.412
235.007
157.557
57.053
492.288
136.764
12.416
73.623
229.789
16.147
45.490
14.050
178.802
44.768
2666.574
545.362
111.636
869.857
60.086
3111.517
39.461
553.038
27.117
527.454
309.786
57.732
10.630
8.376
5.560
2209.516
32.293
57.781
507.841
4.386
565.939
36.052
131.921
454.795
14.439
1043.364
15.522
391.508
152.539
48.817
75.767
259.374
30.939
223.071
152.840
269.165
50.913
79.754
111.013
22.591
56.378
145.967
1399.981
35.804
20.082
145.087
41.869
7.185
3117.360
84.026
12.666
98.654
6.366
482.840
86.417
388.505
5.728
8.440
3929.558
98.702
18.343
11.467
61.833
101.839
72.850
51.492
2479.486
264.500
228.470
122.278
1059.971
131.237
17.707
75.005
156.868
23.644
16.223
680.635
55.259
149.290
1393.742
22.658
133.809
243.300
580.294
507.728
6.769
180.058
18.421
53.483
796.663
9.413
8.333
14.984
51.329
145.236
584.815
234.595
5.427
15.449
332.948
26.623
82.438
35.059
41.160
82.783
1826.281
222.509
6.337
90.992
52.788
513.173
56.659
935.912
420.938
38.262
28.121
41.756
640.158
818.891
14.787
1006.534
9.060
64.038
196.597
481.909
18.311
26.146
227.239
389.113
237.733
105.392
591.833
58.364
11.384
2756.314
103.108
12.109
1199.145
351.106
229.444
54.042
15.087
2052.921
417.148
268.343
53.229
161.618
87.790
2945.800
45.694
16.302
13.983
295.512
1197.378
4419.921
3426.062
59.837
8.826
356.806
200.204
193.976
14.882
311.956
977.040
21.875
83.458
732.475
29.140
34.385
1291.506
21.972
4113.283
57.516
10.830
15.991
14.741
20300.152
53.174
127.046
1179.966
1311.815
33.061
26.284
62.142
21.036
88.201
20.802
52.293
767.947
621.508
40.445
15.337
2666.306
93.550
38.875
29.412
357.251
2304.231
16.627
22.223
10.317
17.081
374.004
64.732
32.192
11.920
38.330
43.262
10.467
32.491
1397.156
18.766
83.759
30.545
97.569
665.461
31.398
1873.546
821.237
41.373
389.060
338.120
15.418
65.275
160944.562
841.350
2218.078
10.813
191.095
28.709
350.820
79.801
9.203
208.357
12.961
31.863
353.005
583.299
15.207
91.380
28.990
316.078
15141.787
452.658
43.475
137.844
479.328
7.579
53.323
1136.735
8.701
34.527
72.854
259.380
45.777
96.765
29.135
15.852
21.715
76.930
210.226
15.539
297.939
21.041
8.664
1147.056
22.910
644.350
126.136
726.803
32.849
211.556
1344.212
46.423
20.385
509.101
11.376
115.366
1348.859
56.043
74.371
2540.022
58.910
846.946
69.913
18.603
24.181
1224.078
891.250
1774.252
90.229
274.001
28.436
830.841
172.310
23.816
36.067
421.941
40.818
39.820
35.605
9.908
439.565
104.568
364.876
39.725
309.356
3735.997
589.167
388.311
17.727
128.437
120.037
9.172
48.865
21.699
29.004
484.465
67.605
28.918
335.824
17.966
277.168
19.823
42.667
624.394
93.122
42.600
9733.461
4.489
55.995
228.803
54.438
206.929
19.000
31.128
73.565
17.609
816.598
124.496
174.608
7.596
43.205
18.333
45.614
2242.948
65.630
77.032
804.984
143.107
394.186
47.767
42.880
20.138
5.050
7.128
24.737
91.616
252.549
233.260
13.180
13.326
1204.046
69.932
5.423
58.738
31.715
14.526
491.817
104.901
97.339
440.364
27.439
13.951
279.558
73.552
139.208
45.257
34.887
117.640
10.125
12.461
46.684
885.672
189.850
573.670
273.087
62.803
13.229
25.093
17.425
185.474
244.193
113.234
16.633
18.416
218.560
1509.705
37.575
66.987
9.629
146.143
328.177
33.611
180.810
28.296
33.865
41.189
364.933
302.594
37.977
93.422
55.082
41.635
48.090
470.337
30.909
72.030
154.364
669.443
213.140
798.596
2038.504
110.410
195.813
20.953
77.913
13.615
21.159
45.517
653.115
57.616
15.165
11.615
24.170
126.709
8.250
13.804
121.701
75.915
114.893
120.045
34.979
928.618
2654.726
309.290
16.225
102.630
72.245
174.267
44.962
117.102
24.324
10.455
100.209
48.499
14.298
230.774
42.726
71.767
657.742
290.255
154.751
92.121
3492.349
1765.882
34.275
706.033
2784.336
15.050
8.113
187.015
66.446
37.527
43.837
68.415
4802.461
29.717
97.588
796.235
65.827
26.939
36.725
1201.168
129.662
22.518
119.606
1433.200
3098.122
53.576
81.430
37.944
40.460
14.623
575.792
140.410
14.297
10.518
7.603
42.135
15.058
115.435
35.803
38.653
54.087
21.846
744.770
40.095
24.836
16.613
181.686
955.152
12.712
103.992
44.021
93.667
28.547
53.562
247.379
37.621
847.980
131.314
10.495
6.401
288.103
205.810
1680.606
101.441
65.897
657.622
9.501
56.842
392.868
96.245
72.606
190.063
6.550
1053.937
1898.872
759.860
433.749
2212.210
1909.025
26.658
104.795
11.525
223.670
24.786
29.434
49.608
12.608
17.212
3.312
212.754
1567.147
1132.315
806.102
17.069
157.337
337.874
485.713
320.333
87.837
288.002
583.402
15.758
20.045
17.184
18.040
90.192
57.653
27.401
412.255
731.413
27.987
17.301
1010.639
40.389
41.072
14.736
673.290
812.397
73.128
239.964
50.187
622.234
478.838
4.819
92.967
301.077
264.273
380.802
29.140
94.576
344.818
42.635
57.419
1236.765
10.331
238.020
42.297
32.894
18.618
21.668
245.715
17.610
584.193
20.240
71.802
48.167
85.426
63.940
1238.099
325.254
55.439
2418.133
302.243
8.511
423.485
10.490
63.515
365.413
30.156
1176.806
12.546
275.561
22.735
14.397
118.925
867.257
172.726
11.218
22.972
959.186
379.522
257.238
562.151
101.443
31.756
58.823
12.523
9.582
62.833
1388.126
565.066
109.732
1243.710
116.842
27.779
1165.060
18.635
1763.452
15.670
8.924
9.417
7.135
194.671
224.072
37.521
485.947
23.771
11.887
10.915
166.165
16.982
273.406
127.634
2425.549
1907.143
47.726
50.509
185.293
866.201
19.684
90.945
930.808
101.450
35.547
198.671
96.355
2483.047
222.990
7.207
3524.543
69.423
278.810
414.302
93.978
477.347
18.477
38.378
51.298
28.551
4273.842
2809.464
544.600
29.028
654.576
65.672
831.513
7.603
24.924
5374.097
42.067
897.026
13.863
95.148
357.482
45.730
63.932
43.135
114.143
7286.613
55.054
99.223
866.446
29.293
45.495
105.064
1963.224
42.530
11.125
105.625
107.484
22.316
316.015
22.776
38.888
5.769
47.291
53.992
30.780
1931.253
2166.032
1048.133
93.284
24.140
554.393
393.231
711.614
38.972
28.189
43.842
51.630
12.304
267.510
311.310
9.908
172.014
29.538
722.062
1336.133
681.020
10.960
160.106
14.495
313.215
18.360
6.419
15.112
13.672
33.080
941.486
21.272
1792.925
177.953
21.474
961.849
38.961
26.457
2177.030
212.659
19.113
121.683
14.985
368.513
1693.702
488.370
126.027
479.916
456.867
166.992
141.280
16.239
15.461
188.558
1600.077
33.583
63.542
505.908
79.497
74.590
1268.559
34.426
55.795
37.218
4946.311
30.236
10.636
47.238
18.000
834.426
19.105
6841.693
1349.753
160.600
18.587
5.928
55.537
860.052
64.777
1779.592
360.647
38.319
4.386
8.498
600.093
55.127
1982.760
175.206
149.069
274.001
552.900
674.599
75.018
73.160
255.362
27.094
15.111
48.475
36.269
44.549
663.814
332.954
26.058
24.386
546.831
13.648
74.374
117.765
73.313
20.917
53.581
342.841
324.984
53.316
72.991
7.893
47.964
282.942
31.353
165.309
46.503
19.812
33.179
10.795
333.541
14.381
15.666
34.003
1202.408
47.292
117.991
98.436
43.332
108.004
525.775
16.829
93.090
43.540
246.531
668.033
21.770
477.205
250.535
8.031
80.374
304.224
2435.773
41.546
15.426
42.334
27.906
22.060
72.162
191.351
42.730
444.065
33.123
793.244
1209.671
335.161
26.860
171.691
29.567
13.833
20.803
2528.248
19.566
614.406
32.093
519.512
8.749
12.103
17.715
543.612
438.493
72.208
71.102
14.035
11.054
106.902
271.603
32.267
229.701
1075.967
14.661
22.246
27.559
25.731
37.580
35.012
39.238
1241.947
47.350
213.013
70.993
1035.094
22.970
44.711
569.189
14.134
16.536
42.660
50.434
18.441
36.253
3152.395
150.420
17.028
267.024
4962.048
104.951
26.774
1515.316
169.906
17.668
706.668
10.137
13.521
25.338
69.796
2106.850
37.636
130.055
10.241
666.826
40.415
20.423
246.642
79.449
71.106
576.122
46.250
54.026
4.021
52.125
10.741
33.118
16.233
396.711
111.673
2275.355
150.659
2100.490
52.779
62.609
309.466
31.926
20.950
19.923
35.614
14.666
988.518
22.963
884.819
62.795
111.739
154.396
1041.007
709.331
18.651
40.749
652.397
13.577
310.231
192.589
370.458
70.817
602.910
1250.897
22.627
55.525
311.230
917.902
165.151
47.307
31.571
48.539
24.249
58.509
319.116
144.114
245.196
104.928
86.925
47.111
22.690
26.057
1550.781
931.099
48.764
88.519
22.860
113.986
1711.816
23.322
124.734
21.516
15.562
11.621
116.222
323.332
996.003
277.753
28.842
29.785
45.959
100.474
20.033
51.012
25.241
252.055
10.624
128.397
56.540
14.720
1328.149
84.581
52.548
12.849
343.995
49.487
230.345
17.818
9.853
8.609
16.450
10.996
116.485
76.663
45.341
20.085
4.557
109.603
1196.767
1297.993
66.678
228.231
18185.332
36.512
160.322
363.476
226.832
78.507
126.636
152.677
122.133
1201.067
32.671
5.948
27.941
1143.911
658.341
2646.706
354.492
420.388
5.022
37.247
294.140
3897.707
5139.785
438.898
49.874
7.868
8.007
624.072
211.823
73.203
378.116
31.259
25.669
80.869
17399.910
26.049
295.340
745.877
17.543
14.698
75.575
17.147
105.187
3953.261
11.399
72.560
75.154
55.345
22.321
55.684
105.187
52.395
170.752
252.375
277.769
121.626
137.531
22.200
18.815
4.891
7.538
41.306
1434.594
72.775
51.771
28.711
83.194
362.443
6403.114
27.810
73.058
12.373
6.530
196.163
27.410
334.337
406.757
156.346
25.662
11.399
45.517
215.003
44.235
137.641
29.670
29.131
16.604
282.745
39.701
51.615
38.742
26.559
123.202
14.413
143.068
59.007
50.146
222.448
37.797
536.110
12.120
799.869
13.977
9.167
5.286
174.787
20.054
1124.821
151.012
303.128
429.661
202.570
1217.435
230.947
7.456
52.103
26.293
378.847
7.519