186.082
16.918
501.875
76.584
107.203
27.035
48.767
26.768
155.494
11.652
48.787
78.996
133827.766
61.182
79.117
41.770
91.742
24.203
60.970
502.835
22.585
257.458
15.022
131.766
66.536
16.443
25.007
84.941
99.798
24.757
17.573
107.031
40.116
6.660
41.015
55.273
14.836
106.114
259.853
460.360
1223.728
1012.145
33.020
980.617
244.840
23.346
970.317
222.417
40.456
12.815
116.287
17.180
7024.656
43.697
12.597
47.224
550.564
15.918
68.113
898.977
14.016
533.954
85.906
76.683
229.550
21.728
116.019
145.268
439.641
62.072
234.854
6.889
22.654
113.808
52.884
1726.159
14.160
353.502
60.812
12.472
13.696
9.974
10.848
24.647
1425.311
908.997
24.237
341.046
37.180
243.472
507.870
53.821
9.327
11.053
316.515
41.211
60.306
13.027
16.436
31.051
7.508
489.224
859.921
48.849
96.253
14.634
134.110
10.974
130.399
161.068
32.305
10.424
482.227
55.791
352.945
175.151
852.009
8.891
187.726
33.545
15.327
14.038
17.108
679.561
28.975
231.888
64.983
362.837
294.418
106.949
57.105
22.610
347.274
87.707
465.222
156.168
19.991
17.219
22.313
77.687
115.725
22.817
13.018
234.259
92.250
141.229
943.879
20.505
8.446
33.559
658.519
1112.963
212.907
192.517
424.254
47.899
8.440
25.766
53.405
20.613
227.099
626.279
146.783
521.115
66.120
37.532
27.419
707.637
491.135
6916.105
500.021
13.066
27.498
6.463
666.381
243.825
3653.593
19.907
25.751
7.282
42.420
21.733
93.274
9.811
992.608
30.932
44.047
466.533
31.492
198.794
25.918
19.050
19.039
96.203
206.504
239.492
6.663
30.388
42.743
2067.425
580.092
38.627
16.266
11.662
834.315
41.591
34.165
104.856
1856.419
304.355
23.482
54.000
79.173
97.667
16.768
101.615
100.798
594.602
69.440
20.152
109.321
77.414
747576.875
46.698
79.065
179.227
164.706
16.024
57.562
15.953
257.120
46.616
43.908
18.089
44.409
9.322
15.872
41.168
524.991
116.357
16.189
10.367
27.046
43.669
13.370
39.996
12.575
654.265
263.323
26.328
22.695
265.880
1164.157
623.524
23.112
39.713
188.849
39132.215
887.654
12.350
1332.218
38.359
42.789
32.438
30.902
26.022
35.889
8.172
98.112
16.409
217.095
912.448
47.765
1410.908
30.861
47.915
41.340
26.926
29.833
433.367
6.625
76.015
345.145
1903.470
380.108
374.337
10.355
19.490
20.370
54.881
41.150
20.420
293.020
927.383
18.499
13.000
542.775
28.616
36.966
24.849
51.204
66.069
39.145
193.398
19.447
23.808
179.915
41.279
10.200
341.381
83.914
141.421
567.975
9.191
6.451
1685.929
222.098
14.894
1428.143
52.021
31.601
147.362
25.776
101.928
30.565
20.329
152.188
22.252
41.440
11.142
37.643
16.529
11.394
6.449
80.298
462.463
238.948
405.762
95.974
85.179
234.619
11.393
1283.003
63.325
71.068
44.007
368.029
35.412
52.031
163.751
21.180
83.814
67.597
126.717
5.703
726.241
311.392
259.245
33.316
65.251
13.290
447.480
74.052
6.421
1115.712
42.276
11.000
19.571
4.601
308.236
411.292
21.718
13.224
71.912
11.214
42.591
22.511
22.214
1316.066
696.382
51.330
77.179
13.632
1203.364
1658.881
26.661
136.478
473.943
155.440
13.274
31.790
289.801
37.758
8.321
101.222
1257.214
21.979
175.312
23.821
20.212
741.787
49.567
888.919
91.135
90.675
147.386
16.944
37.257
189.616
516.437
8.073
317.632
28.931
36.404
51.852
45.760
1255.288
84.119
14.000
53.674
5.000
23.586
9.225
91.612
853.975
72.602
32.649
1007.434
50.289
898.549
7.925
47.274
105.866
182.896
16.611
22.638
6.587
538.636
31.474
731.745
7.568
675.401
20.147
11.201
290.866
174.178
23.786
94.538
34.870
265.948
935.767
280.156
636.067
44.180
633.864
37.031
49.903
19.665
57.505
80.242
10.765
17.990
17.027
18.438
38.462
88.655
617.509
18.864
736.275
27.066
88.001
12.855
48.942
28.612
26.349
12.013
5512.196
53.574
243.035
21.652
567.336
49.077
38.797
820.190
23.613
33.073
1750.688
333.472
863.704
11.393
20.149
24.733
9.982
542.237
153.291
15.557
86.890
20.733
65.758
106.858
73.796
1282.751
28.972
10.008
32.642
82.421
5631.770
47.591
7.141
29.419
120.043
10.934
358.808
6.791
9.821
1868.864
387.630
1480.950
1326.483
8.576
7.998
250.776
60.355
70.544
129.075
75.380
127.862
15.787
76.698
29.578
418.438
97.926
1271.907
230.566
53.710
13.929
8039.136
754.857
375.993
4331.490
21.897
36.710
288.654
401.015
11.975
72.431
426.907
183.482
1155.964
380.458
24.382
14.123
2356.426
13.848
20.279
36.842
15.021
112.349
1812.597
26.649
28.163
29.641
277.104
56.810
131.531
29.599
9.565
49.023
27.583
38.506
22.150
650.878
36.541
1003.934
26.582
52.254
45.299
1533.143
19.494
176.638
42.917
30.128
18.431
44.419
16.322
84.137
76.450
222.798
14.526
12.128
1276.267
27.882
175.738
38.766
9.738
4.466
21.039
249.785
64.773
1159.914
31.456
341.330
160.235
35.417
15.712
1826.524
8.544
2699.626
68.739
64.884
10.203
169.488
427.793
1370.118
19.447
42.161
670.798
93.479
10.370
101.475
13.493
13.577
854.872
719.470
355.542
56.818
43.927
72.786
47.020
276.137
34.164
13.667
34.292
28.158
53.037
344.664
26.087
9.208
17.294
1045.542
104.321
11.730
800.041
115.250
293.956
45.967
133.577
1830.191
187.115
30.546
24.961
995.932
123.042
547.692
9.410
282.150
226.399
27.863
118.771
27.617
44.167
23.213
58.077
8.779
16.519
107.491
72.553
172.518
14.842
24.982
40.161
14.477
13.236
273.878
17.608
128.292
21.069
31.629
14.816
64.989
112.720
42.913
44.406
660.354
11.374
1326.607
479.860
10.149
64.756
457.329
50.415
802.964
31.756
60.195
1146.082
109.312
46.218
61.713
83.787
153.468
23.680
40.077
12881.786
720.040
518.723
27.224
31.012
80.214
908.653
368.892
103.110
27.011
37.038
155.136
1213.938
8.718
3072.034
13.498
1126.216
32.136
5.978
38.206
628.977
219.987
35.355
36.930
59.908
1458.876
381.153
162.179
105.859
53.849
3.861
1194.230
19.451
18.631
188.125
56.019
30.888
172.016
1285.354
64.257
546.133
6.987
5.551
12.953
9.343
1874.872
335.090
12.465
85.168
1075.115
295.573
21.154
51.078
17.618
5983.535
70.221
14.021
31.472
74.569
22.387
2291.656
54.495
775.528
26.370
32.082
78.065
91.821
18.758
14.215
17.477
58.720
1034.688
20.240
10.939
22.549
51.740
34.094
29.692
34.744
11.292
193.946
29.190
120.617
48.230
1560.506
52.286
268.653
15.314
19.636
30.683
43.256
14.148
55.170
36.974
36.134
572.639
68.629
35.743
65.527
27.639
30.281
60.694
37.617
458.438
18.346
50.196
414.571
37.024
676.661
777.978
539.135
19.988
285.923
26.514
443.667
555.605
4223.036
99.015
16.481
40.782
221.015
6.928
4076.095
6.627
59.970
19.485
483.990
92.751
140.640
69.740
210.543
26.236
162.283
325.182
2386.151
87.302
11.752
152.444
55.045
1550.149
175.755
550.983
82.924
8.493
7.938
18.786
14.592
1811.432
1458.927
313.528
273.449
196.072
20.181
329.723
34.409
580.888
40.334
28.892
340.171
19.380
29.648
25.361
200.348
732.837
52.824
120.808
409.924
73.356
17.674
15.353
350.071
192.827
37.608
16.279
585.324
341.124
419.682
116.677
964.478
43.294
84.941
64.217
996.787
24.540
20.983
21.123
44.430
11.542
28.739
58.087
40.898
238.907
5.039
209.352
28.798
118.034
41.537
672.175
114.069
113.773
93.561
27.482
28.842
213.002
11.706
10.200
1834.646
1677.086
218.149
24.429
233.068
30.297
140.647
225.428
35.031
21.417
12.034
9.201
316.826
37.810
56.434
1224.410
1149.674
7.591
26.207
14.040
21.599
11.330
291.398
47.518
64.128
57.435
42.232
33.773
147.050
22.968
25.585
132.347
127.615
61.411
17.924
78.610
661.259
33.703
116.079
11.418
146.971
38.921
40.497
13139.790
32.711
37.085
15.397
72.010
198.199
59.489
96.243
17.300
36.967
1046.917
90.868
30.918
20.202
72.576
191.062
44.436
219.710
55.100
5.592
86.198
21.671
833.508
196.327
30.573
89.890
1029.939
485.759
1682.100
926.664
83.231
68.014
306.148
39.865
103.656
96.822
11.755
59.097
24.118
998.043
369.798
9.664
166.984
2803.606
50.981
693.888
79.194
236.611
21.079
493.594
443.229
214.819
172.903
58.344
74.263
556.943
91.599
105.937
12.899
43.364
145.314
19.265
346.769
856.327
627.243
461.440
52.937
5.560
17.695
436.425
215.509
24.848
233.490
45.676
40.940
57.286
1086.288
17.343
213.362
32.152
152.427
1290.253
7.053
2144.130
32.762
85.286
28.897
429.421
1946.486
183.162
759.950
14.000
32.426
18.043
84.515
15.087
300.899
41.033
32.373
147.407
754.759
68.173
635.596
9.311
547.555
447.752
52.363
22.947
27.964
44.828
112.130
14.593
14.368
33.312
1492.821
62.671
6.798
53.303
64.111
878.200
47.975
10.317
13.791
572.108
4771.764
22.333
135.092
1925.808
33.613
41.827
955.051
49.482
272.479
679.388
95.570
84.358
7.754
42.925
33.219
310.900
60.126
1061.302
14.518
2312.208
23.478
5.438
19.473
7.601
475.306
71.046
408.420
7.773
919.779
567.067
24.319
21.052
73.870
831.909
4.680
20.756
15.386
123.979
13.344
190.634
112.973
116.966
27.274
37.703
19.364
642.075
49.456
20.061
435.932
340.970
452.935
11.025
242.633
64.661
2004.604
35.873
174.131
686.137
87.414
68.076
13.580
1348.329
19.144
73.023
72.971
25.624
37.843
21.616
48.977
1031.830
11.449
17.417
11.366
177.898
18.586
792.555
30.420
51.332
2520.520
40.865
265.546
41.157
14.850
698.355
410.839
388.913
378.445
754.695
383.628
422.060
434.852
15.551
319.723
179.158
1037.300
140.178
358.240
48.730
61.310
1075.734
98.197
179.662
35.009
151.110
12.763
130.622
9547.402
12.425
201.255
526.945
84.747
50.293
18.370
358.162
337.385
73.860
146.135
19.478
19.908
186.187
1189.800
79.365
35.610
789.754
297.853
59.087
436.498
211.758
36.023
2586.553
23.719
292.892
26.890
44.367
889.909
2040.031
20.219
555.690
44.899
21.211
574.671
20.764
49.760
8.817
20.210
158.664
51.146
272.544
134.166
81.475
37.223
492.710
615.479
20.869
17.440
291.299
35.495
70.076
1211.557
305.923
230.791
26.633
475.986
39.359
530.967
298.616
74.623
27.101
95.795
232.447
27.003
24.572
33.309
28.691
14.188
431.048
18.303
21.855
257.457
103.841
6.905
285.344
11.487
8.094
72.556
69.979
8.715
19.552
390.767
9.133
4699.403
242.076
81.629
86.060
6.409
20.238
40.902
5.973
621.145
8.302
318.187
34.749
5.836
8.189
889.850
55.880
47.239
11.423
386.908
361.099
33.282
8.945
17.347
17.795
686.235
139.902
2006.755
61.687
496.947
59.492
79.468
1824.434
687.747
33.666
1095.950
27.814
30.732
164.059
410.180
917.233
9.863
26.684
330.982
73.359
159.450
135.487
9.107
4.444
17.206
465.301
18.695
87.284
41.189
123.151
7.498
1869.415
173.846
727.850
136.102
24.126
1462.284
14.970
10.386
994.756
71.241
698.183
819.751
44.645
37.547
165.883
6.461
36.692
227.793
33.911
25.969
9.159
329.368
38.243
79.504
21.816
550.434
64.591
71.881
18.635
11.662
377.765
760.042
74.642
2006.330
71.238
74.300
18.373
50.540
10.881
67.812
106.256
17.065
9.346
465.282
8.727
1200.129
85.920
18.784
242.285
12.512
191.647
18.697
886.862
36.738
17.793
34.755
19.939
104.998
2041.870
8.137
577.167
39.485
189.800
573.310
36.867
30.861
8.436
263.120
113.082
46.362
10.238
14.400
4383.643
76.561
22.010
48.253
58.091
252.263
748.274
8.671
91.966
17.428
605.887
542.331
57.393
21.602
18.358
1111.081
16.527
306.635
27.761
973.091
57.282
1529.067
14.962
8.188
20.458
177.231
238.057
58.580
27.801
1183.557
263.588
33.812
341.337
96.774
34.024
303.518
51.442
66.622
77.963
151.391
1234.160
66.101
81.632
105.537
56.657
346.763
13.948
14.713
28.619
14.266
55.727
41.852
15.238
50.523
147.182
13.119
804.728
81.010
36.801
928.222
26.391
29.648
35.495
11.972
12.104
42.151
132.068
276.719
19.640
18.695
57.321
7.484
36.336
771.449
750.974
22.187
245.501
8.386
23.944
102.393
633.131
209.955
20.818
21.006
426.425
1102.363
78.914
20.468
32.619
87.169
12.846
56.894
68.757
53.495
5.888
26.451
45.234
236.795
45.398
26.723
61.920
15.867
420.041
16.943
30.651
163.282
104.796
26.937
238.068
16.420
15.158
5.875
361.782
102.149
16.446
659.026
68.425
6.399
7.693
32.893
57.706
5.579
123.450
10.597
18.510
52.896
171.916
579.276
556.598
19.540
718.958
27.849
88.850
535.624
39.278
35.684
215.690
63.942
10.946
17.020
29.366
4.479
117.431
54.506
617.116
738.567
146.253
35.244
777.978
635.796
131.576
54.437
26.936
32.854
12.221
556.765
24.574
40.165
23.515
12.335
15.589
1581.400
22.328
794.700
39.691
29.077
845.394
397.555
207.704
54.947
35.376
11.505
18.267
57.016
1412.601
338.350
72.221
19.532
35.843
22.944
2427.571
21.873
10.799
221.861
45.380
202.377
110.509
43.139
84.436
263.489
32.551
42.261
25.153
291.201
67.526
638.269
55.740
40.011
7.577
165.561
164.805
696.733
115.014
58.608
6.206
130.978
24.272
89.604
18.622
738.016
83.842
38.403
10.378
42.514
24.265
15.820
560.243
27.392
29.556
7.713
83.027
129.637
27.290
5407.906
57.103
59861.754
46.461
61.867
22.728
129.232
8.469
60.022
39.694
2413.715
11.600
1786.099
81.449
9.123
29.309
34.592
298.368
8.717
7.239
39.986
68.658
44.749
690.082
83.991
100.332
31.017
1675.270
245.845
41.854
32.991
253.789
300.134
465.171
31.601
112.165
17.700
124.142
117.049
30.553
387.740
7.947
33.820
825.414
654.997
74.450
297.365
390.719
28.126
626.275
87.229
25.559
18.522
49.870
6.046
6.168
65.172
39.288
14.958
347.109
35.135
180.870
50.944
785.013
92.286
11.396
22.179
20.152
116.658
157.682
472.331
42.248
11.488
412.293
68.601
31.090
297.071
26.295
59.306
126.507
17.731
92.149
15.457
327.698
358.427
146.078
253.269
868.754
493.135
27.993
36.635
8.689
44.398
232.478
412.624
725.505
37.247
113.460
237.933
28.787
20.830
143.759
60.603
33.375
28.008
70.693
335.547
1318.715
14.923
13.003
1145.628
92.839
72.750
204.759
247.303
293.229
234.279
17.574
25.493
21.437
69.073
38.371
998.227
119.262
31.832
28.048
2671.550
36.290
1544.249
7.786
14.881
498.252
47.286
18.973
173.660
351.884
434.007
5.950
458.972
6.206
29.441
150.150
447.493
30.596
25.684
25.090
23.684
220.859
69.439
17.209
22688.869
316.494
6.765
495.880
41.300
32.973
219.085
9.024
9.271
260.116
28.004
1325.328
48.782
1711.725
100.222
14.458
1470.887
216.676
8.036
11.348
327.328
1457.536
42.335
721.631
104.339
17.539
10.758
49.471
24.563
37.476
357.795
3.876
46.136
473.877
1300.135
2071.595
36.624
86.233
23.624
19.333
21.177
7.938
291.506
67.910
63.418
85.201
292.689
16.786
1465.198
1118.362
60.176
55.528
31.903
77.657
128.853
66.835
8.676
21.731
16.560
133.165
61.529
1162.945
30.839
10.009
2260.287
1422.968
70.386
24.358
20.153
198.655
93.010
159.458
1518.865
752.849
380.919
68.116
334.807
64.315
105.455
11.640
636.104
25.867
34.681
115.406
66.540
383.323
94.731
15.768
1351.134
58.516
4588.059
1269.461
23.549
925.558
7.285
14.612
850.794
8.649
270.296
18.655
5.255
14.833
15.453
4.466
52.249
101.459
1102.397
29.324
25.648
13.275
84.740
1071.278
443.034
2945.136
353.295
17.778
60.744
70.801
31.469
34.680
38.097
2960.382
25.521
8.103
43.543
72.142
80.524
102.554
37.868
466.745
130.774
12.716
11.807
210.511
51.805
5833.283
24.715
323.162
306.707
6.646
145.317
1465.026
46.607
48.567
669.568
75.285
48.967
713.938
93.202
65.109
23.498
93.853
317.502
18.581
17.423
330.361
1356.312
1016.231
151.330
14.992
27.051
200.456
53.737
1186.229
373.249
32.216
58.365
312.032
349.569
69.862
1015.575
6.655
32.079
48.413
167.919
65.200
26.298
176.292
40.013
37.973
20.991
553.243
7.485
27.340
57.566
22.963
103.907
111.650
79.393
17.209
171.873
23.142
19.895
301.856
62.743
403.869
31.841
66.424
38.068
26.712
83.744
540.230
57.668
51.057
86.851
29.717
3.926
27.995
22044.664
8015.419
1254.173
628.679
483.797
28.722
833.038
397.723
117.073
54.197
43.139
16054.239
1701.677
1375.943
8.133
68.791
24.012
838.770
34.149
716.508
19.325
7.975
25.987
9.324
31.073
686.714
9.646
14.007
9.825
8.698
9.468
56.682
32.727
414.555
13.282
31.733
17.328
51.298
376.214
11.099
942.982
50.153
19.033
15.293
44.264
29.946
61.459
956.543
65.713
44.736
14.936
30.614
13.481
31.646
71.473
160.086
121.342
68.053
1187.681
22.865
1777.620
41.738
182.481
48.394
919.527
289.750
100.359
36.417
73.013
16.541
36.518
43.881
293.357
41.044
603.734
286.959
4428.562
8.960
16.110
22.645
14.780
18.386
18.294
135.404
23.148
390.361
32.394
11.638
12.679
21.784
28.578
22.354
25.236
16.585
4.446
46.392
309.724
322.165
48.958
20.818
107.779
461.220
27.573
71.868
7.761
13.758
107.504
29.346
33.323
28.809
804.870
151.607
57.904
27.389
268.462
91.256
30.513
30.949
12.704
9.781
28.126
21.290
49.176
75.765
758.230
25.977
420.116
26.991
338.323
14.136
12.170
123.206
201.023
27.604
51.500
34.252
26.569
44.905
26.054
34.066
17.499
34.363
62.701
8.085
30.071
1063.845
201.380
29.029
15.707
1605.253
406.965
29.854
839.441
54.035
13.041
17.824
44.743
72.421
1719.786
552.539
151.921
68.254
41.150
53.636
1079.977
97.604
14.769
31.193
10.610
47.394
16.021
94.612
33.991
86.284
11.117
26.161
18.023
39.754
310.952
796.238
237.434
56.933
10.107
323.785
1163.133
181.161
33.181
45.722
15.234
2009.538
1159.936
375.774
9941.114
151.457
335.920
15.974
869.546
362.866
17.671
127.477
98.261
102529.188
33.289
15.847
51.072
10.540
27.999
29.794
162.674
14.513
442.858
63.407
9.115
5217.161
41.661
50.641
71.752
67.836
128.697
496.128
55.355
82.270
10.825
612.468
37.895
78.458
5.893
517.404
46.967
36.937
15.780
31.863
12.448
4.805
37.534
106.206
5.597
514.925
301.564
63.507
20.868
233.295
645.164
1164.507
45.051
1404.320
5.958
65.538
287.597
34.806
10.737
52.391
109.566
58.758
36.929
18.486
41.319
1021.153
53.852
61.018
27.262
300.617
7.947
89.668
31.676
1575.699
15.700
47.238
710.529
33.248
59.525
69.751
25.959
8.446
164.625
20.568
34.379
11.202
19.401
24.142
178.897
27.850
549.907
19.886
19.977
450.868
38.659
698.735
9.685
33.770
9.122
61.188
4179.651
24.378
7924.084
9.587
1464.225
12.993
99.183
119.488
44.220
13.277
34.612
109.203
84.321
563.907
34.470
21.606
6.627
29.501
117.590
16.448
620.244
76.088
9.978
665.087
8.509
42.993
650.705
83.239
19.737
536.820
843.516
980.538
21031.455
47.746
39.830
29.101
60.454
31.358
76.255
31.885
26.963
99.289
13.229
22.421
1634.524
7.604
64.047
9.020
68.712
6.986
533.371
1358.198
154.300
188.782
847.104
81.798
37.465
23.724
304.628
53.367
7.115
332.515
67.030
4.989
485.060
97.845
24.954
9.888
64.269
167.171
394.152
35.566
28.062
29.768
58.692
21.716
431.595
59.557
133.133
215.891
3567.733
29.819
39.499
79.422
25.832
3650.131
21.889
545.216
31.389
331.755
278.358
10.447
57.525
28.034
67.944
314.608
51.341
26.727
7.405
36.806
71.713
71.655
347.923
5.324
29.365
418.730
50.644
1440.067
110.734
80.526
418.773
31.389
976.781
63.886
37.322
22.406
19.902
83.416
55.272
73.899
6.113
32.075
40.936
1910.154
13.642
850.771
669.393
27.688
91.573
4.620
49.497
20.531
6.609
64.685
17.835
39.122
11.356
628.094
20.017
49.131
2000.704
865.299
32.760
1070.431
265.802
18.855
499.620
382.941
34.083
1296.877
20.813
14.040
65.233
227.831
953.528
67.768
2390.809
241.941
27.735
69.248
148.040
810.496
87.212
636.734
35.910
43.358
376.315
448.127
232.943
34.705
200.643
531.938
961.955
56.611
3933.473
468.159
1404.125
40.833
16.558
262.769
676.793
4.658
252.775
42.882
420.071
34.459
79.197
426.613
52.898
36.786
596.632
160.581
13.069
182.640
40.569
906.200
5.352
1863.557
24.040
271.346
9080.157
103.025
7791.217
791.677
92.904
78.487
19.570
23.886
48.421
1423.450
23.421
308.682
1600.859
37.660
121.435
18.399
131.621
17.711
89.488
964.159
110.814
12.032
79.655
15.498
18.037
909.382
2320.882
196.017
156.967
9.219
6.151
275.405
35.593
43.408
34.779
13.205
103.034
486.524
53.695
698.429
401.185
14.433
12.796
285.258
95.003
39.297
171.655
5.039
1869.773
149.673
10.122
19.543
28.061
34.502
2388.235
368.474
137.685
301.914
422.129
1100.712
33.508
116.510
12.297
9.365
75.448
27.700
36.302
6.427
548.513
70.057
16.816
796.161
36.315
22.316
196.574
39.848
489.664
313.074
708.821
233.237
15.149
58.909
323.670
580.875
836.504
610.502
71.112
91.296
78.423
305.031
47.481
7.758
21.478
33.853
380.075
45.737
30.321
17.187
19.137
10.276
34.972
11.569
51.653
19.699
363.839
23.956
144.337
38.864
41.133
20.305
63.454
7.947
15.415
3099.336
18.320
36.012
386.271
274.591
1794.412
56.499
208.072
176.328
48.586
101.040
638.648
9.822
676.847
725.322
276.455
503.444
1631.407
20.992
2843.685
59.044
716.710
153.940
73.154
10.166
305.003
147.062
507.673
65.645
327.522
233.359
1608.964
266.560
34.387
164.164
7555.051
20.177
20.844
8.895
13.027
17.815
557.528
49.315
291.861
470.170
503.846
12.106
686.306
6.627
1087.251
8.914
27.227
93.831
5.760
30.905
520.096
241.891
527.514
20.845
74.813
215.777
21.929
33.468
42.623
98.042
21.664
54.615
21.913
39.414
828.532
84.996
129.274
627.270
23.260
303.284
16.251
767.179
19.181
7.280
20.064
91.073
27.476
17.821
443.614
685.536
1369.340
75.463
56.819
10.268
20.608
73.126
29.991
1520.451
418.271
444.814
47.745
286.566
33.198
33.542
67.283
104.851
21.980
55.107
204.029
543.164
49.282
454.676
21.133
638.269
611.554
9.393
7.701
907.646
579.133
27.227
36.869
134.082
37.885
16.896
124.144
290.893
393.386
138.577
134.249
149.265
1191.788
8.061
14.040
60.306
20.992
5340.215
49.577
450.922
1290.191
20.984
309.444
1238.007
964.785
26.839
817.264
2107.616
143.831
86.300
630.510
99.319
47.660
24.427
870.866
15.221
27.265
149.283
97.472
53.823
61.208
410.007
31.259
336.797
143.528
23.811
518.906
659.751
34.357
24.917
27.715
90.171
698.106
129.368
38.465
35.046
109.720
50.441
15.976
21.382
1638.975
21.377
14.959
2218.833
567.300
26.973
16.668
38.502
22.828
1294.950
39.352
26.366
314.315
197.495
47.139
1058.623
28.001
742.183
56.404
133.232
535.839
40.550
244.034
23.182
120.803
17.916
36.037
69.997
9.964
32.930
14.143
33.302
42.430
22.763
40.964
469.331
49.270
48.657
778.137
37.206
46.962
2332.826
370.622
10.934
1100.037
126.967
915.105
14.347
1736.365
100.221
106.874
1266.624
980.979
257.619
113.343
282.113
9.516
319.572
222.745
1121.411
59.092
47.720
161.478
92.487
20.755
66.566
19.136
226.370
397.416
14.993
7.926
33.078
30.553
38.263
28.733
32.870
691.498
90.564
24.262
31.832
13.511
11.371
12.615
28.266
45.578
50.194
37.066
1116.544
16.987
600.864
188.620
1169.325
26.006
28.975
27.163
512.735
89.021
23.745
6.485
1290.461
370.751
738.441
133.593
20.445
13.754
51.497
452.832
71.921
15.998
21.594
17.353
30.466
567.049
195.982
19.121
19.576
16.235
24.594
1460.678
101.879
101.132
42.273
331.651
6.655
63.559
69.120
33.609
642.703
72.809
4.162
13.205
49.038
9.427
46.746
70.990
13.918
45.980
67.021
139.344
77.956
2212.001
387.490
16.730
14.054
780.326
47.024
44.094
2388.317
985.830
104.077
1603.281
31.391
25.840
49.153
651.580
864.190
362.103
19.215
1129.930
392.528
31.387
129.430
122.496
310.080
458.013
250.450
141.819
34.841
25.312
22.387
972.279
53.910
12.257
12.757
652.530
15.707
16.610
43.841
753.924
359.460
1468.791
58.375
93.888
431.117
625.013
230.556
19.834
43.552
169.042
918.250
19.051
93.194
442.747
200.682
82.525
100.146
25.256
456.353
68.343
75.311
7.803
612.986
299.564
53.509
19.768
135.365
250.781
19.833
162.343
105.108
430.613
924.439
31.177
18.241
51.164
2110.154
507.563
2296.897
502.602
92.840
54.132
9.566
47.449
169.382
63.395
70.381
610.049
64.076
29.840
87.274
25.467
67.329
214.633
12.513
47.985
53.388
547.054
496.655
13.622
5.746
21.313
70.816
41.658
10.900
61.167
28.218
73.037
9206.381
389.927
35.302
16.573
13.847
72.817
40.664
595.185
337.963
46.150
1352.296
160.169
168.426
1860.396
30.812
93.293
1939.119
240.999
27.111
738.558
11.958
395.201
20.280
3731.226
27.311
278.996
6.881
523.528
8.727
126.756
4167.046
106.504
27.610
182.332
303.339
7.966
852.769
8.833
31.022
37.454
505.147
298.561
8.535
1606.454
486.686
662.472
283.414
948.824
21.844
446.366
7.886
503.582
11.497
19.590
208.578
131.897
44.451
19.560
19.792
10.536
696.042
14.946
100.366
139.133
35.110
11.015
1062.284
415.200
19.277
13.204
44.910
61.166
9.736
822.274
35.614
19.096
28.888
83.260
20.935
18.556
355.767
100.580
680.606
75.921
5.057
1114.780
7.763
113.139
12.691
794.180
339.179
68.023
8.928
64.311
49.968
13.628
109.551
53.346
397.115
297.822
35.452
31.416
13.848
34.879
39.939
16.889
329.251
74.274
609.114
15.321
378.560
248.836
573.670
33.189
309.311
19.972
29.125
35.532
35.357
17.226
472.373
407.243
1167.079
75.600
1741.564
14.047
57.837
543.958
12.680
22.033
22.464
228.827
24.857
255.244
8.886
15.946
42.049
170.348
926.939
409.782
12.688
7.962
30.280
26.567
22.425
53.306
49.433
28.504
240.183
4.840
11.618
7.868
14.235
15.969
384.283
451.437
14.449
21.732
30.188
16.791
383.855
3701.592
286.836
18.655
2061.621
292.466
24.873
37.526
114.527
158.626
28.997
337.521
28.526
10649.962
113.760
78.832
5.620
53.806
47.091
297.648
22.875
7.324
6.502
456.582
1140.844
527.173
98.890
26.839
78.374
38.531
52.273
100.353
105.616
23.865
632.034
31.061
845.705
441.810
501.698
37.106
17.647
311.510
12.891
492.124
62.436
16.177
629.868
62.252
729.236
2320.882
48.861
11.956
13.383
384.874
12.089
103.587
2434.548
35.977
22.990
40.537
50.164
49.976
101.417
301.149
501.790
127.482
23.866
113.061
259.731
42.958
14.423
1016.833
51.987
381.194
171.229
103.547
53.094
31.615
9.079
376.892
42.129
314.273
265.435
811.187
1054.992
762.782
12.111
14.299
269.459
264.041
57.728
392.996
459.072
16.495
9.198
9.629
51.815
11.575
43.706
6.864
212.932
27.020
145.627
14.472
399.835
641.515
680.755
858.172
325.875
51.068
22.799
34.930
39.384
433.897
55.491
13.407
12.950
637.498
91.831
6.974
39.698
45.872
75.297
29.848
17.504
12.925
323.419
58.619
829.354
19.883
1197.062
1665.847
45.342
348.551
178.737
57.392
41.180
31.024
27.801
65.953
442.684
1521.255
130.317
20.529
26.998
35.170
9.331
18.692
20.987
1291.125
30.215
9.542
83.866
73.137
7.333
340.064
40.461
18.080
401.305
34.040
103.508
95.777
70.562
931.604
6.035
341.806
16.477
11.097
43.739
31.312
19.915
15.293
104.734
493.835
15.401
12.785
17.010
59.338
19.549
28.704
142.694
44.254
66.433
513.479
671.047
645.475
484.734
20.975
244.796
47.602
2984.559
879.403
8373.510
46.870
8.114
20.922
31.961
167.778
18.479
1009.180
133.757
19.398
23.511
26.667
24.253
7.379
24.160
28.646
42.161
37.877
29.082
26.560
25.992
222.515
67.543
44.804
18.244
17.544
223.721
502.141
55.032
256.284
229.531
233.404
25.199
60.333
18.391
61.091
127.139
203.787
695.116
376.357
37.247
202.587
490.820
34.896
91.489
1146.076
1231.530
30.015
1028.939
27.861
9.652
6882.660
25.284
480.300
526.877
41.940
77.076
4.965
286.700
1984.158
117.528
18.464
300.814
89.691
12337.618
133.559
1034.057
48.944
1216.249
151.624
259.482
1633.300
16.959
60.501
8.881
21.996
50.503
58.966
149.256
11.291
3356.891
9.442
1101.687
29.015
6.068
52.736
34.675
483.610
1912.380
26.573
11.234
166.712
243.108
74.208
201.531
15.595
21.472
5.336
102.736
30.856
97.082
31.220
219.844
11.313
353.050
305.678
51.167
40.731
15.742
92.626
79.855
9.418
130.928
298.450
1798.768
21.272
29.916
1129.068
126.878
452.896
18.627
122.206
627.306
1369.314
52.996
111.930
14.000
165.747
53.869
18.328
832.423
180.255
81.154
60.552
54.374
118.350
1274.500
30.337
498.056
22.775
118.413
330.793
12.363
767.386
15.643
4599.538
23.778
24.621
21.478
14.080
60.919
27.367
44.248
8.221
52.780
19.675
232.522
89.251
25.793
34.679
898.515
63.557
196.253
10.761
37.578
430.542
165.320
75.129
17.357
5.039
24.752
53.255
17.197
156.601
26.615
27.700
35.017
34.896
216.901
9.703
12.936
4331.490
8.855
12.936
22.730
18.431
1672.091
580.265
632.330
9.003
957.065
15.655
89.646
9.579
38.027
10.707
66.209
65.170
24.292
302.773
35.376
11.356
2639.666
14.178
241.692
37.778
24.916
38.252
51.844
49.647
15.106
23.450
32.091
14.875
984.674
40.830
358.946
867.558
56.622
43.373
294.810
224.448
9.243
20.933
18.938
21.416
44.598
612.064
50.607
38.682
67.953
1115.916
107.034
49.378
183.371
135.155
15.820
333.264
58.214
39.648
58.848
248.947
64.104
21.692
11.996
65.168
46.031
188.857
142.095
26.518
313.188
51.734
31.073
120.389
15.782
11.063
110.161
4210.433
208.368
486.105
39.642
39.825
21.378
1184.728
324.747
14.662
41.870
96.203
22.698
272.175
31.566
57.370
833.070
43.095
45.487
449.495
35.810
14.049
100.840
105.571
53.704
37.314
6.953
6.084
58.833
7.361
342.803
53.393
39.739
175.492
29.697
70.406
745.701
34.331
257.527
3325.990
1414.165
927.208
18.988
472.983
130.223
31.025
16.160
48.765
71.398
1004.720
31.682
12.785
342.450
36.798
32.156
142.303
61.101
16.120
310.072
96.496
198.902
16.129
556.596
39.221
229.439
29.026
46.642
1120.749
39.967
26.514
264.811
716.445
260.102
46.456
165.270
19.459
64.271
23.236
68.430
299.267
29.423
31.153
434.804
1134.929
576.284
2277.737
59.270
439.650
76.583
80.621
547.947
35.685
51.567
412.822
19.018
9.528
10.717
34.942
37.630
49.638
240.115
253.208
60.469
25.720
33.213
28.618
445.128
349.696
347.919
76.263
993.233
66.124
14.092
535.617
19.262
10.035
15.878
29.446
21.823
112.395
6.791
360.441
7.402
106.279
3.805
67.749
8.633
31.286
6.864
8.273
155.565
260.490
2384.761
224.014
10.869
217.490
14.974
11.025
416.508
23.779
17.606
148.963
41.784
6.365
7661.127
25.850
16.646
37.767
28.412
35.788
757.561
6.627
7.991
10.598
69.759
102.413
596.847
178.613
20.174
23.639
22.475
59.161
19.211
282.643
31.662
288.979
1356.433
2309.770
54.550
5.057
50.886
32.947
68.623
125.623
301.520
11.675
65.032
30.068
57.857
13.938
44.793
17.092
40.319
13.155
27.676
11.460
638.891
20.103
14.681
33.995
101.951
25.582
4.503
18.545
622.089
23.479
54.789
21.660
10.983
16.467
36.771
1100.666
24.814
11.444
241.490
87.078
269.355
100.291
42.979
23.375
86.468
7.335
77.363
985.228
18.112
2384.541
37.516
70.853
39.748
6091.050
27.301
17.496
622.002
1258.354
35.602
134.920
8.569
39.266
249.353
35.214
32.549
15.782
1172.698
10.795
37.476
21.337
172.744
22.344
28.400
1325.912
106.302
16.420
20.877
176.012
12.708
14.029
886.648
34.052
68.882
34.755
28.418
98.566
96.155
406.836
541.899
140.349
689.749
59.172
20.455
5.836
5.039
296.680
79.041
24.180
11.553
90.254
23.943
10.205
36.874
473.073
7.665
206.933
695.341
164.381
27.374
9.683
13.117
282.217
29.695
11.378
20.387
239.451
402.126
232.531
17.017
136.620
96.244
14.589
58.068
19.991
27.496
16.148
381.417
1747.992
1789.701
252.923
48.214
23.274
7.478
20.188
645.031
25.858
15.312
14.478
1600.475
82.290
187.619
213.599
153.934
76.989
21.639
3195.726
45.759
73.965
548.244
23.275
39.010
33.340
2672.541
31.366
148.487
1029.454
15.914
48.663
99.849
24.383
1118.052
79.370
298.715
27.205
39.725
26.573
927.383
426.927
23.539
18.679
825.574
532.032
39.371
9.252
353.702
105.018
21.530
16.449
175.549
415.632
38.099
82.443
799.935
44.313
47.568
1797.452
224.861
547.258
75.356
89.095
49.187
48.205
347.073
40.895
40.033
27.602
91.472
1012.993
8.992
708.862
17.499
184.621
50.322
478.852
7.897
23.437
26.724
377.329
202.845
39.603
1588.692
132.046
20.187
38.715
64.402
344.618
248.590
926.940
315.701
381.967
482.591
1896.113
63.841
328.781
751.677
13.362
102.017
20.462
200.657
12803.730
786.782
29.813
10.759
2564.951
14.536
28.657
29.983
66.337
277.736
28.567
21.605
33.132
1070.340
212.988
8.065
46.901
922.087
857.811
1167.177
16.965
16.744
513.652
470.679
404.224
74.257
715.850
72.612
49.623
20.546
20.186
31.129
271.336
465.746
104.363
715.059
38.765
392.413
27.710
57.137
904.441
34.875
12.068
1066.603
49.511
53.388
84.391
17.897
110.587
542.531
376.443
51.721
302.434
317.357
1133.036
57.531
46.129
192.200
47.844
8.951
21.489
37.177
133.850
26.762
27.404
27.274
167.806
54.696
55.865
2.837
22.663
40.704
7262.726
34.727
1030.086
17.064
93.194
18.613
451.930
17.754
7.587
6.044
10.101
126.658
283.829
5687.107
5.282
95.188
15.738
69.994
14.738
33.103
46.772
39.306
78.154
43.217
19.493
536.751
47.565
66.822
25.495
321.640
203.622
201.560
4074.657
724.341
16.270
302.660
972.248
437.461
52.444
132.384
145.700
160.809
28.772
15.692
124.687
25.299
165.229
24.789
7.816
36.136
73.755
534.022
90.231
459.365
212.999
66.601
31.832
32.471
121.752
132.312
11.559
652.371
949.573
102.517
145.680
17.439
69.310
83.893
478.169
14.680
15.386
66.276
74.457
25.220
36.628
410.607
25.794
546.845
20.367
1023.764
7.975
15.413
17.715
70.310
3199.001
12.466
90.664
709.837
24.055
70.695
73.149
31.251
258.052
53.249
130.252
42.631
17.133
38.547
21.412
41.354
51.336
601.168
501.783
34.843
69.964
277.649
33.601
67.061
42.547
267.303
21.861
1747.546
1184.656
3307.692
219.444
24.450
82.026
856.940
23.891
63.483
147.927
49.794
14.592
19056.719
144.602
28.414
17.204
14.796
20.403
32.933
14.146
1168.824
744.659
42.011
20.627
25.702
294.956
1103.222
102.982
331.441
7.315
13.481
281.437
79.586
13.829
4.600
1517.224
36.435
350.244
54.743
10.200
439.239
31.458
336.931
48.336
223.572
15.053
55.989
226.299
148.377
23.140
2528.401
20.484
70.114
27.047
27.562
436.569
22.323
51.798
10.406
20.611
128.044
726.163
392.387
34.615
108.297
113.720
85.589
14.329
15.128
4.466
66.029
7.514
16.820
12.821
7.637
23.344
446.574
20.714
404.690
293.544
61.357
1231.613
238.256
402.925
12.789
255.059
581.469
615.522
16.084
110.982
31.775
123.256
28.129
48.820
40.828
24.067
242.153
12.518
1528.512
9.409
12.148
72.333
30.923
37.413
388.996
21.116
399.600
28.126
20.039
253.147
25.874
105.046
12.309
34.948
91.243
373.393
54.857
34.209
8.773
47.501
9.003
25.606
290.500
1091.875
23.742
375.874
27.849
46.205
28.712
57.220
348.444
408.418
293.635
6.081
58.960
658.425
115.625
59.211
99.170
219.064
6.558
11.599
10.473
1361.993
8.532
42.132
60.006
28.720
4.620
296.885
494.870
245.499
542.384
38.345
12.039
18.672
20.970
541.969
291.090
31.649
91.206
17.424
775.064
37.349
316.389
12.611
97.216
70.741
463.331
21.962
141.253
35.708
110.521
223.199
586.485
25.389
7.713
33.556
104.300
72.888
311.335
150.396
356.246
2734.021
1457.880
644.451
56.913
48.736
31.204
34.996
18.474
90.973
60.503
31.179
38.061
923.688
31.832
966.558
57.497
14.829
281.221
38.589
60.497
40.513
246.243
9.449
28.813
627.796
59.109
949.572
15.484
13.873
15.758
734.292
39.115
13.003
237.846
86.742
100.989
13.136
13.585
7.284
856.278
9.124
112.322
32.660
129.412
24.369
16.388
62.971
12.719
10.305
385.070
30.762
79.396
44.541
19.935
45.635
202.125
12.446
33.919
16.527
19.893
148.351
31.855
11.760
113.383
54.684
27.281
343.381
352.685
14.102
16.479
13.073
95.187
16.905
1026.742
17.894
18.271
13.151
68.930
42.083
33.503
1134.646
121.221
321.905
47.811
8.210
37.988
278.874
16.306
63.609
48.164
33.261
45.424
4.596
9.395
85.205
32142.100
24.750
20.454
5.127
53.432
52.859
354.550
37.236
346.689
82.481
9.280
28.721
1091.615
301.105
6.159
37.310
8.659
10.190
1210.735
437.704
7.963
1703.266
5973.877
20.695
122.258
59.660
580.018
38.677
178.402
8.207
16.527
27.159
14.807
70.392
527.334
579.845
65.491
16.369
18.482
101.602
17.642
331.671
92.384
20.074
13.726
260.287
244.502
29.618
555.967
30.609
36.727
336.450
19.183
170.244
188.436
36.924
20.390
25.942
64.478
22.545
108.501
61.931
21.784
25.084
72.986
225.601
309.632
8.387
118.099
1590.951
91.742
303.969
9.101
517.949
40.428
20.346
15.181
100.306
27.169
226.398
15.862
8.820
1023.856
38.737
10.178
16.493
30.181
990.567
2776.147
560.916
9.008
409.515
24.399
50.905
33.399
17.388
406.797
211.901
358.229
22.280
69.605
529.942
21.706
17.836
18.964
12.106
490.997
70.618
197.159
14.276
45.132
123.686
8.198
21.000
36.768
1313.422
249.957
1555.312
322.707
135.014
7.485
30.475
15.260
215.647
14.243
21.693
1312.519
138.943
389.659
27.880
1009.809
253.317
106.527
40.843
365.952
382.777
406.823
11.026
1148.355
8.702
16.349
13.457
8.210
804.781
269.957
15.580
12.246
50.314
241.283
8.324
45.257
144.046
14.701
33.180
400.767
127.115
69.579
27.553
91.546
18.439
71.488
413.469
10.265
589.109
42.497
121.012
33.512
7.088
1693.053
11.055
35.755
41.721
347.592
5.039
370.265
30.282
44.054
20.159
1449.501
76.483
29.122
354.800
174.562
374.310
67.742
760.465
78.544
374.817
99.164
746.932
127.565
26.169
61.098
338.372
539.212
36.341
324.479
5.656
10.894
555.617
24.525
23.946
31.122
263.096
99.875
140.862
18.903
38.491
1154.117
190.831
412.437
43.281
493.181
30.322
12.891
11.942
31.930
1490.345
23.882
36.259
13.313
35.160
54.679
1664.990
23.924
9.153
72.519
6.985
402.427
18.911
15.665
28.690
189.926
13.268
64.121
63.636
30.931
9.774
78.977
68.116
21.055
348.473
37.035
4.620
34.667
716.507
698.074
78.689
103.127
1292.698
5548.440
126.587
98.205
1196.102
36.140
85.184
191.578
43.139
196.449
25.846
63.100
2694.213
41.080
110.376
16.963
43.237
61.459
53.795
54.132
495.166
34.632
6.972
44.135
2086.802
554.317
29.224
246.804
141.113
53.140
628.278
297.577
29.259
20.961
3020.743
86.916
42.683
43.495
46.614
72.170
296.576
10.014
19.044
36.114
46.354
53.899
21.916
382.721
107.703
40.401
35.039
554.827
10.337
838.561
28.826
403.958
818.195
21.455
36.015
3.350
18.381
397.744
132.895
32.607
34.559
30.306
61.635
102.269
15.899
13736.489
13.011
85.854
64.800
130.771
22.318
5.665
487.711
12.963
90.839
34.522
8.233
167.617
108.763
464.791
30.429
22.973
69.183
10.574
14.328
39.023
489.785
3579.856
33.330
28.289
125.162
60.359
46.400
11.226
57.811
64.166
198.812
48.666
16.083
187.591
24.848
144.674
308.411
16.700
445.888
503.708
2532.104
546.621
16.560
8.342
139.261
238.647
9.336
83.006
7.404
161.226
13.798
132.191
381.800
16.818
78.870
1115.200
25.289
189.157
869.583
726.194
521.823
1473.944
148.487
1890.581
618.937
1918.971
37.903
20.064
18.687
157.954
42.920
130.941
405.225
178.020
22.771
236.651
426.383
52.157
20.535
17.333
43933.844
50.606
241.425
62.576
21.239
21.464
42.871
6.754
33.824
70.340
39.211
67.025
90.864
23.699
44.067
707.637
22.437
20.039
916.076
110.731
157.020
302.684
462.264
86.795
53.363
256.397
443.182
34.719
113.928
1319.138
500.151
12.242
11.601
22.330
10.430
116.491
16.309
30.122
24.928
27.333
1227.466
50.365
27.211
65.912
114.299
9.462
114.966
120.335
45.288
565.721
231.792
31.005
574.668
9.021
244.750
13.712
43.192
14.273
14.527
19.355
17.750
386.386
3071.867
17.683
69.953
1498.979
642.841
42.299
1268.773
17.518
23.781
44.093
36.392
7.842
128.256
81.510
82.678
24.578
55.537
755.284
1290.264
176.103
9.562
777.978
23.795
403.273
452.651
78.095
6.987
116.855
48.369
33.374
51.206
29.150
92.965
56.365
142.092
12.945
277.851
982.651
150.165
1060.208
60.682
9.503
395.554
36.981
20.452
72.714
4.620
18.366
43.498
32.821
213.077
20.186
20.151
21.640
128.976
33.692
85.690
1291.861
20.952
702.622
23.665
86.501
30.400
325.818
48.981
473.874
703.100
31.269
399.883
170.479
1068.304
93.830
51.107
28.673
981.039
11.182
7563.623
458.879
1645.178
28.925
27.387
931.588
253.335
54.700
10.516
587.515
59.846
14.425
263.931
314.810
54.258
11.622
414.968
9.913
32.614
636.102
13.789
28.411
74.740
133.079
34.527
21.917
74.375
26.933
69.748
24.522
105.046
15.319
318.044
215.880
15.870
40.223
21.441
275.291
463.151
34.462
53.182
21.801
247.771
12.513
11.539
21.210
189.737
296.439
70.694
162.120
12.546
313.822
1542.246
16.476
2626.966
13.897
39.021
42.745
681.340
11.088
65.529
27.260
110.275
212.978
78.486
79.468
113.563
26.382
40.417
500.293
29.278
18.492
19.252
339.245
69.820
1323.403
1144.791
267.302
49.098
44.426
42.207
677.907
22.893
18.753
262.628
106.543
1348.944
192.888
12.305
36.066
38.370
37.315
674.815
377.679
731.974
12.003
61.668
1038.643
963.080
21.479
218.079
45.495
1144.449
94.890
41.907
297.944
234.423
281.365
413.391
5.987
10.005
20.391
819.711
32.125
382.924
180.640
514.943
962.668
169.075
101.824
885.125
156.698
20.628
827.305
215.588
12.519
771.448
108.775
43.618
1021.925
378.215
1950.238
806.686
44.504
890.595
92.803
426.933
13.540
93.701
169.501
16.543
141.702
309.632
22.609
358.373
227.236
183.248
99.712
972.040
18.857
4.937
10.129
572.108
4.840
6.912
33.550
20.229
43.882
87.516
84.435
22.453
58.677
28.692
54.184
916.324
48.328
505.370
11.546
463.711
10.749
52.077
1675.307
31.961
24.459
925.029
6.387
156.975
27.763
3203.336
271.276
6.681
156.065
771.116
30.502
3719.633
6.646
789.267
25.166
5853.188
210.984
138.798
33.709
6.602
4648.313
1154.144
50.484
58.516
32.925
377.071
19.500
2658.411
684.762
22.695
434.581
32.581
264.288
185.804
42.615
201.337
1586.795
51.761
25.840
379.135
97.405
2368.659
26.401
19.992
1133006.000
144.067
186.507
41.178
51.588
238.344
58.988
63.309
34.281
91.104
35.748
29.276
1002.143
9941.114
87.603
7.296
143.686
48.667
304.819
13.065
20.698
6.912
82.915
40.868
143.309
15.294
188.439
12.524
56.608
28.657
33.294
968.820
16.161
134.281
833.230
148.896
889.846
17930.938
592.234
85.061
6.000
32.982
1089.221
70.801
12.889
26.250
299.997
1642.185
1284.046
7.485
89.981
140.486
483.202
47.677
20.673
89.388
20.671
9.679
1818.525
3989.339
7.211
67.605
419.833
5378.958
30.522
15.114
30.874
23.746
188.656
443.865
103.744
958.434
40.300
70.697
54.390
73.042
13.593
16.476
116.553
1025.395
296.278
930.347
28.894
95.443
35.523
189.820
163.048
258.272
123.413
791.916
34.027
9.395
15.030
287.524
39.656
56.293
394.526
12.682
53.332
930.874
44.249
5822.067
1820.099
6.791
173.642
12.928
67.293
232.452
5.893
21031.455
122.777
1425.354
446.664
5.880
6361.148
1855.688
48.737
385.097
12.840
65.620
14.565
332.485
866.104
6.702
88.607
13.923
31.195
102.427
115.807
9.052
1876.438
460.198
62.088
52.928
34.828
1457.895
83.295
70.340
968.827
22.137
27.973
22.740
49.339
395.661
32.702
260.062
12.233
78.072
163.855
19.423
52.555
31.022
1523.365
26.478
11.882
78.831
78.684
257.398
57.414
161.107
107.897
286.292
7854.018
34.940
206.365
2753.149
224.379
370.391
299.723
26.662
805.712
18.484
33.947
108.959
642.753
85.190
229.302
182.764
38.715
6.211
41.213
821.422
417.744
15.894
24.265
12.622
966.785
23.034
35.793
769.304
971.774
345.787
26.115
53.691
175.351
38.596
41.512
1836.509
28.443
244.059
22.235
141.999
18.256
180.679
10.649
70.071
5.507
128.463
1703.410
15.887
18.028
164.156
536.156
10.793
24.828
1266.624
64.558
19.749
100.753
8.748
30.812
40.083
39514.539
35.040
36.364
8.405
207.794
26.365
12.980
134.031
224.769
72.468
432.976
357.691
136.648
156.450
1030.430
8.957
14.205
195.275
177.657
1058.412
489.297
159.865
24.062
256.160
1074.885
1436.787
370.847
8.895
1467.498
49.998
23.877
37.676
800.142
59.182
55.068
29.134
117.264
36.659
349.264
46.475
16.048
19.283
1077.124
11.566
36.761
46.065
60.205
516.615
100.230
59.743
31.668
102.163
40.171
13.195
28.322
75.330
57.487
60.733
235.958
42.363
72.352
13.095
36.113
236.851
17.535
108.966
49.221
24.066
14.748
17.905
139.974
132.435
92.070
17.733
1737.816
114.291
220.652
517.906
45.746
32.921
440.343
29.036
2363.620
95.978
35.806
10.972
270.630
38.043
97.818
248.100
92.852
498.230
505.027
8.393
28.650
582.240
13.711
52.970
26.959
9.128
137.388
156.284
9.453
70.546
345.684
17.574
83.590
341.474
366.058
332.098
28.410
21.933
103.975
22.363
691.068
707.637
94.964
254.565
52.149
39.527
38.765
16.324
74214.508
1391.494
834.058
1879.390
1587.724
1050.574
24.595
253.542
149.792
13683.040
44.251
49.585
57.063
15.156
27.968
26.857
696.547
73.691
19.647
545.785
69.623
862.793
175.906
1453.266
851.955
195.102
959.360
63.242
222.735
4769.321
11.205
26.613
6.573
25.594
4.013
20.147
62.307
23.303
44.754
666.572
719.538
1811.432
49.680
12.738
29.812
473.390
41.481
564.721
321.174
122.780
50.209
366.543
13.125
1168.372
383.486
8.988
25.889
18.819
95.108
202.780
75.102
64.921
31.381
695.618
31.943
23.837
47.455
56.186
24.923
20.861
24.197
1034.166
508.715
64.299
138.198
27.282
16.449
4.224
115.201
14.903
5.826
11.025
875.125
51.344
90.771
12.122
10.840
769.076
74.130
16.417
176.182
17.464
43.334
45.595
35.950
57.769
27.397
148.298
10.399
10.462
9.395
368.021
28.261
243.856
16.715
43.561
11.877
697.907
381.280
25.793
8.623
14.439
1615.154
359.897
29.020
29.132
52.167
379.097
52.199
59.502
11.002
37.003
5.039
433.133
29.258
986.408
18.666
2145.189
28.436
61.100
683.841
61.683
27.046
1994.527
330.082
42.125
26.536
68.693
158.838
584.542
837.759
53.425
65.516
49.781
110.181
16.380
29.026
30.385
22.262
58.795
677.346
17.244
18.245
11.503
7.944
127.143
22.687
147.348
21.400
9.357
19.066
54.772
39.466
7.966
71.349
20.529
23.885
32.408
23.583
26.944
148.487
817.633
181.143
110.715
14.038
294.725
241.547
145.339
10.948
73.609
72.807
11.591
570.844
19.228
249.635
24.689
29.786
52.878
48.760
66.052
73.778
291.040
18.165
50.415
407.232
107.896
27.906
20.713
123.754
77.847
18.672
22.526
44.742
19.875
60.219
30.857
7.502
30.720
399.228
2923.881
2233.398
7.599
71.020
80.138
46.693
13.285
260.514
224.317
38.334
17.424
6.525
2366.849
37.439
6.627
17.624
5.258
7.436
23.580
30.288
285.272
81.528
42.270
39.971
60.018
7.658
292.104
1390.497
3305.749
88.526
75.720
155.366
310.390
9.983
33.834
469.559
18.237
19.850
195.891
419.260
2479.276
25.806
9.395
56.804
23.404
35.459
433.692
10.698
129.911
32.888
11.908
22.168
7.780
9.148
1220.593
110.850
74.312
33.704
18.587
299.461
53.662
49.379
258.968
499.613
201.074
2373.925
51.035
87.245
5.139
24.718
30.681
68.586
10.193
74.078
59.251
93.480
266.092
5340.215
1528.013
358714.219
521.926
6.390
347.842
58.140
74.663
8.387
825.817
25.054
60.986
38.185
14.633
3.945
22.036
444.226
150.882
702.931
638.269
33.707
659.097
313.999
117.443
20.135
15.752
25.422
20.677
20.335
15.351
360.198
247.090
10.317
221.519
27.198
957.736
274.675
8.420
227.897
87.570
27.131
660.016
147.141
79.858
27.844
73.740
69.702
422.886
67.937
11.999
299.568
6.132
90.543
101.199
398.120
863.769
64.008
30.316
33.517
207.267
25.796
182.987
17.506
19.392
9.439
11.754
528.835
119.980
72.267
1525.561
16.085
33.827
222.885
774.443
1519.222
83.198
128.079
1807.689
93.709
11.975
95.204
468.362
88.187
6.876
108.402
225.683
214.592
47.962
115.669
6.387
16.906
860.551
1210.687
148.221
1734.661
1329.402
212.473
261.145
173.149
69.965
72.703
407.313
12.957
10.867
20.787
36.398
45.661
9.400
7.001
121.327
36.138
1615.598
508.418
5.514
369.176
31.358
339.318
566.228
8.146
443.709
20.639
938.438
63.292
12.936
710.298
17.498
54.908
33.613
47.180
302.247
3913.664
929.974
33.442
1607.692
22.009
17.149
63.730
15.380
34.477
520.277
9.175
37.022
124.725
14.797
13.682
218.462
44.279
15.983
1052.187
17.081
498.408
182.945
512.104
16.726
72.399
19.458
77.957
323.403
8.595
46.067
332.000
244.408
963.588
637.863
36.965
8.668
122.101
35.392
15.474
59.935
9.994
25.709
12.290
243.283
24.008
135.742
108.677
72.854
87.391
56.632
371.024
8.558
39.191
363.215
47.982
13.328
1188.541
45.465
7.234
11.096
211.562
94.288
1772.226
131.502
63.836
642.156
1084.490
58.698
1133.359
52.804
8.698
282.298
180.520
17.618
16.213
403.292
450.233
27.368
421.681
531.699
39.704
55.648
48.325
103.878
77.352
51.447
1725.225
9.566
780.551
28.362
20.910
553.952
234.876
53.931
92.903
66.823
1298.030
723.894
41.845
1088.055
416.544
473.945
39.334
429.333
32.075
1461.740
56.521
103.669
8.037
2121.973
47.596
22.381
28.617
166.332
53.336
335.011
11.094
21.997
567.838
35.745
564.346
715.309
4.859
81.161
19.414
79.873
69.952
39.453
536.698
35.434
40.847
450.875
36.169
23.616
245.003
14.047
398.455
38.061
520.763
59.558
19.546
24.852
733.186
12.423
31.373
366.981
13.350
8.726
18.683
16.831
142.381
51.094
27.053
25.789
125.752
33.338
121.289
29.766
320.096
769.931
11.763
8.214
218.413
55.897
131.331
39.872
336.398
478.799
39.248
34.182
637.950
22.797
5056.298
655.025
76.327
10.424
49.582
474.143
16.500
33.000
52.018
30.952
23.380
34.039
11.812
185.816
33.612
286.704
252.885
252.649
45.758
15.438
224.863
9.482
51.274
32.384
565.439
144.479
25.666
48.598
67.874
13.968
799.586
79.032
113.951
477.117
588.318
51.751
50.469
52.610
556.799
7.443
383.949
106.889
21.915
56.653
11.250
55.702
41.045
570.116
44.862
242.398
691.093
40.004
248.489
825.131
481.028
64.790
43.073
3.805
40.585
66.156
20.312
527.117
29.769
661.034
3321.724
3.958
55.248
3.662
16.888
37.484
97.100
15.620
9.816
133.731
15.718
16.849
165.181
239.347
2147.585
183.029
86.983
1384.337
35.273
354.937
19.758
838.747
346.694
230.047
294.788
15.228
39.532
417.510
581.218
30817.039
21.167
520.682
23.777
649.855
797.365
65.306
46.528
40.343
319.457
37.953
494.716
9.719
396.497
66.492
118.585
28.072
9.349
1498.035
318.074
550.733
31.595
37.871
63.417
41.552
11.707
18.906
8.333
36.410
70.790
527.008
92.191
522.740
190.021
24.823
1472.803
108.397
136.727
501.009
28.884
43.363
84.121
13.454
8.446
49.339
39.985
25.777
1117.415
546.277
73.530
23.256
405.154
89.611
20.593
120.448
21.486
5.286
618.308
38.303
422.650
29.593
259.192
4938.133
49.743
26.777
33.829
24.025
26.285
28.541
15.000
144.949
999.450
10.560
236.934
626.598
12.230
80.608
164.382
43.119
67.805
21.452
102.094
241.384
14.491
82.748
154.059
53.229
2384.915
77.250
25.444
36.700
97.148
27.124
14.736
90.569
189.812
30.565
50.016
495.178
21.458
29.825
23.034
1129.748
62.383
1948.716
813.125
46.173
98.943
1346.536
13.338
642.054
67.087
19.214
421.558
14.222
68.419
136.958
57.632
721.340
584.285
271.569
12.866
583.079
59.129
255.882
49.590
25.083
3415.697
311.292
485.109
87.088
15.516
17.897
44.149
515.051
391.376
268.343
168.364
1138.635
21.486
10.256
1176.207
130.074
1091.669
8958.551
47.129
298.680
11.158
22.316
53.362
221.042
187.119
777.978
212.556
333.060
71.223
5.256
21.182
443.091
131.239
157.387
5.893
54.617
398.114
43.949
402.868
21.482
25.650
71.924
12.478
39.717
370.279
27.892
150.816
29.684
14.007
18.535
1958.637
232.860
9.451
104.535
45.356
1811.538
14.480
24.568
19.084
23.409
10.563
24.041
97.375
1720.828
45.163
11.254
638.490
46.446
19.948
319.008
585.747
10.441
18.980
1167.893
58.578
46.069
444.470
59.986
76.561
1596.367
516.004
375.290
30.300
22.830
43.205
74.639
73.578
549.606
526.866
443.538
1957.188
9.807
6734.364
8.313
161.312
918.869
596.833
71.731
20.938
23.592
87.991
4.466
68.190
290.428
21.531
53.950
34.585
254.570
134.455
466.017
35.543
128.292
165.146
26.759
26.208
1038.272
62.676
709.740
10.367
1038.290
34.128
53.380
42.291
12.796
4.408
21.734
24.499
18.856
50.473
401.312
50.825
25.735
249.591
371.130
30.325
711.951
303.312
73.836
90.338
596.477
10.385
12.210
836.031
35.545
14.055
266.223
23.969
572.108
35.344
73.672
66.521
54.278
638.295
430.340
62.561
682.991
86.339
1070.604
62.950
13.908
38.608
12.456
124.520
208.626
207.341
20.017
225.478
784.239
10.162
2313.785
15807.678
83.483
385.624
17.142
311.791
215.609
127.163
2362.828
314.548
219.033
28.553
3772.822
116.191
512.951
25.626
54.459
35.464
255.613
36.395
63.280
80.571
454.679
12.570
295.435
9.623
69.957
148.490
337.017
365.739
31.917
105.215
392.123
242.430
25.932
21.446
15.820
981.495
36.621
35.521
1176.402
74.148
35.564
1620.869
293.156
13.567
24.445
13.353
7.062
23.389
20.334
36.080
33.801
37.961
1217.792
70.401
22.167
947.370
134.221
352.414
22.907
152.424
29.194
362.307
21.612
41.059
18.623
549.927
34.871
267.187
46.298
4.224
91.989
55.195
11.612
363.531
470.206
171.406
953.315
8.788
19.828
48.322
55.434
31.427
64.449
30.129
697.991
17.951
382.624
49.389
10.467
142.229
20.813
14.662
3.805
25.513
37.988
224.932
1208.084
51.944
38.025
5067.087
222.050
28.866
84.769
258.715
347.322
247.444
1477.366
12.136
530.901
43.009
29.605
47.000
38.194
272.670
4883.792
83.682
13.084
18.318
28.394
16.800
37.364
189.452
42.826
48.948
284.854
49.607
1265.194
42.384
21.178
15.935
25.511
311.363
22.589
29.179
84.448
2034.476
1429.734
865.701
78.465
23.558
37.909
20.259
555.132
40.447
16.772
12.638
836.346
201.492
15.493
69.637
1732.843
94.096
711.741
708.963
27.106
6.627
46.790
155.934
10.019
489.190
34.710
28.541
49.554
488.969
226.111
25.289
350.236
1027.909
83.884
28.962
334.786
786.624
2030.849
9.395
697.190
58.314
35.781
33.355
23.727
93.087
32.883
4761.495
13.782
5.938
58.086
103.651
9.054
38.579
15.839
181.260
1012.584
19.142
542.814
226.740
54.107
769.710
43.843
294.872
44.364
2711.192
40.238
38.071
20.596
107.926
42.971
141.261
698.155
480.103
84.365
15.636
53.031
889.708
38.298
16.218
1198.159
9.435
282.573
438.305
94.940
10.563
87.040
5.702
156.988
356.367
5.241
548.598
923.522
12.880
200.338
546.280
255.286
258.147
815.425
19.246
217.047
14.397
59.547
988.771
20.827
62.694
181.373
537.878
23.366
73.853
29.353
97.347
9.683
22.283
1398.161
16.850
26.113
44.923
12.609
100.649
25.997
711.612
58.526
21.223
17.564
3.719
76.582
956.158
560.649
336.089
23.098
68.658
707.637
40.584
857.655
28.239
29.294
59.447
83.092
192.629
37.758
146.550
264.443
90.994
2061.956
111.805
462.952
15.441
671.095
734.098
76.105
76.378
1340.673
34.222
24.168
145.828
26.305
372.872
37.036
6.939
53.297
298.940
319.755
2294.943
54.821
99.129
977.067
113.245
38.253
116.557
247.956
325.349
10.129
27.052
1533.973
65.267
47.262
43.872
12.076
31.803
25.334
20.201
502.924
11.576
16.241
509.636
10.456
297.371
70.876
512.745
90.539
24.827
54.317
35.380
15.807
106.136
20.829
447.860
385.270
34.809
45.389
630.672
14.742
294.773
8.603
65.864
263.795
5.473
2888.487
316.858
717.051
624.291
2968.084
123.183
25.777
27.338
254.110
13.398
748.347
13.532
39.962
626.287
591.832
250.270
1697.068
116.670
18.137
6.312
33.300
162.415
12.497
939.223
50.062
195.865
462.694
18.105
20.039
4.620
1007.255
167.812
44.223
141.170
14.666
900.948
28.793
17.039
39.372
2617.001
12.246
304.706
18.840
104.198
977.086
55.840
28.441
4113.887
11.823
109.260
16.527
26.804
332.035
13.091
13.246
72.052
31.483
149.064
18.982
64.796
90.359
5.377
7.952
61.108
238.204
420.618
11.356
68.420
314.608
38.228
146.709
35.603
103.773
495.058
27.100
433.150
1184.422
35.218
135.433
27.492
27.193
35.401
650.671
849.051
562.992
609.126
29.360
106.499
18.213
3.350
32.039
34.222
85.657
73.857
100.098
16.723
261.210
7.014
24.069
21.505
495.526
51.324
36.727
560.713
20.230
174.607
9.621
39.360
85.958
698.774
1224.311
1134.632
32.492
20.443
111.818
23.968
848.274
88.363
145.401
19.586
65.082
38.660
757.678
2011.987
164.282
300.353
271.608
249.292
19.569
17.729
49.871
861.543
16.262
40.718
80.960
18.571
214.597
731.851
52.501
23.233
27.076
48.116
41.649
32.636
2852.688
362.934
327.654
60.708
92.814
10.637
23.276
267.984
29.416
182.761
660.018
41.564
195.789
20.409
25.635
476.100
188.477
34.840
21.401
783.154
1040.198
28.256
12.696
58.390
35.983
1209.408
926.790
51.832
960.969
123.851
747576.875
910.339
44.461
737.628
43.259
38.762
283.393
10.295
49.656
51.941
321.369
113.746
483.220
522.244
24.230
24.362
121.096
30.954
311.318
24.428
33.063
618.441
26.306
202.034
44.449
529.779
90.774
33.251
128.288
483.434
5.841
347.068
20.122
82.565
26.359
15.348
49.692
723.739
302.213
992.833
10.516
47.845
16.365
44.011
89.595
5.409
343.449
421.872
888.511
8.882
36.438
282.468
28.740
43.779
45.997
6.522
38.210
27.978
1585.125
1670.689
202.318
67.697
75.205
38.051
14.779
23.955
35.755
121.955
1139.438
639.384
59.087
2236.983
46.773
484.001
9.642
138.658
380.194
12.866
45.717
157.831
236.187
81.408
42.359
218.746
1218.167
14.745
58.227
67.340
18.106
875.098
62.278
8.437
80.710
493.990
22.991
42.128
380.471
38.396
359.160
16.998
446.239
22.517
12.017
29.860
119.460
62.793
1317.944
76.792
1482.284
98.752
22.044
74.710
16.486
62.647
95.024
11.221
15.808
1050.897
10.269
321.392
282.883
146.355
29.119
890.822
14.046
81.444
125.193
15.555
1107.687
64.955
201.633
11.626
269.066
32.110
28.554
62.365
31.275
42.115
11.063
38.120
302.460
26.149
19.890
2549.124
250.661
22.020
26.813
23.079
27.327
76.160
488.338
924.060
21.281
234.753
6.502
50.702
13.818
7.860
904.561
2591.129
14.703
33.283
20.152
8.236
300.239
15.035
12.092
81.280
3588.281
31.306
16.894
13.720
455.804
81.629
2446.331
16.864
32.965
709.090
318.253
590.287
16.829
56.947
483.101
51.483
42.068
113.239
54.657
49.353
7.568
20.860
28.544
9.097
486.260
4.449
10.274
54.434
58.175
240.432
18.493
21.866
67.965
3626.274
82.954
827.436
50.928
17.451
288.207
272.020
13.216
252.718
20.180
22.847
92.412
785.535
228.440
98.082
82.025
279.793
303.230
25.978
42.262
416.068
4.948
243.195
469.515
69.366
91.162
266.259
7.582
8237.380
736.300
25.832
111.651
42.048
54.299
8.557
28.211
28.638
34.677
5.896
6.100
25.847
1087.725
1369.890
10.554
90.530
28.236
14.970
342.340
723.169
21.488
64.871
111.533
62.774
337.994
15.508
133.762
283.700
450.378
406.249
1050.703
39.948
12.784
92.581
122.386
829.966
40.521
644.738
42.137
254.131
19.461
108.365
472.081
134.332
35.721
19.827
10.874
882.566
16.046
13.480
13.620
11.099
463.572
150.187
6.906
43.659
949.129
14.659
36.782
642.412
14.743
144.711
3.805
55.334
26.861
15.651
20.862
752.407
629.740
11.938
168.322
43.962
20.698
31.213
29.520
627.382
16.140
22.809
12.363
36.748
281.594
7.218
302.657
533.859
120.825
568.959
5092.492
22.679
13.243
560.854
135.707
145.429
15.000
30.501
238.649
11.772
724.991
12.911
29.143
159.743
7.906
20.924
12.018
50.566
14913.107
10.175
41.411
29.985
37.003
3605.343
121.327
34.275
6.241
44.671
106.997
51.502
5.404
34.924
122.597
77.844
48.405
19.154
64.599
590.832
5.031
260.790
100.749
58.179
334.213
167.751
79.370
175.385
217.238
53.986
2244.930
39.266
37.716
2459.797
164.122
29.337
755.549
37.647
21.328
117.673
16.653
255.157
28.268
11.116
81.524
14.653
97.228
37.092
90.301
342.144
27.551
56.566
66.172
22.176
60.254
249.617
11.042
905.942
7.940
45.677
17.984
11963.322
13377.385
21.857
184.306
87.029
23.169
70.903
20.510
24.657
6.576
1552.376
35.304
357.586
5.133
15.992
371.313
25.649
27.817
1106.902
1031.494
67.533
148.794
33.063
695.488
21.822
5.000
22.246
109.367
4313.809
5.241
299.652
12.654
16.937
31.058
64.567
23.752
23.840
7.424
12.342
10.358
10.895
324.710
13.771
18.373
20.538
14.365
14.151
22.108
254.956
33.463
1995.728
122.461
228.278
473.971
13.568
312.712
9941.114
441.926
439.543
89.686
972.527
46.927
14.179
19.306
43.931
9.581
7.570
493.364
160.003
37.007
322.988
311.053
257.759
219.862
259.861
52.141
47.433
18.016
164.878
758.363
119.740
6.921
791.233
505.066
36.955
7.214
24.473
28.117
28.633
1361.747
358.878
180.883
412.284
43.580
1282.073
10.973
346.591
367.368
33.711
6.960
59.057
47.895
244.326
8.634
162.660
73.552
397.179
14.768
24.018
5.631
491.839
332.864
145.575
13.806
13.840
82.337
18.214
228.051
1473.339
52.991
31.457
24.568
299.502
18.472
21.972
23.169
35.348
240.106
874.132
5885.766
581.996
9.590
111.723
29.533
10.707
29.093
47.124
211.391
269.486
72.446
590.999
5.644
15.418
8.562
110.783
35.818
20.750
189.231
95.146
1538.841
27.953
25.897
6.999
24.377
244.502
6.806
1104.753
23.006
1203.694
874.402
298.724
22.486
152.278
15.197
20.758
22.037
551.804
107.053
14.930
385.779
11.134
24.006
508.435
518.843
19.932
787.586
655.531
497.386
182.762
45.557
166.857
35.869
40.306
318.907
349.611
33.785
5.943
134.586
733.465
94.200
33.433
1155.480
158.502
214.244
319.236
41.947
272.013
27.579
14.603
100.049
167.872
224.298
38.758
166.072
963.804
32.141
422.773
23.188
39.044
49.469
653.023
87.094
56.959
1759.821
99.520
63.217
14.230
1014.483
438.942
68.981
40.070
815.916
492.275
83.816
15.690
296.847
26.604
73.786
145.452
56.234
175.692
47.237
14.239
2009.538
19.537
3906.482
1292.659
15.246
20.146
27.427
135.263
12.533
8.420
41.086
1365.974
416.759
88.602
15.364
193.712
150.826
464.871
56.972
22.828
756.304
1006.993
292.698
104.215
40.398
1118.270
49.579
67.060
14.687
87.932
15.287
14.234
2736.063
66.458
14.536
29.004
34.703
473.320
70.074
72.211
1105.067
26.813
344.666
23.417
13.985
59.780
791.435
11.343
58.501
1814.960
19.384
7.156
36.215
1129.331
3496.212
40.511
23.810
4.985
1386.584
1308.237
290.027
103.093
45.587
75.798
6.627
107.898
17.361
416.676
17.456
73.622
11.888
293.378
287.712
199.708
562.227
37.639
460.365
2835.316
86.298
20.161
22.826
32.891
2056.375
58.145
22.560
32.798
355.442
512.408
196.050
124.246
7.421
15.035
61.042
57.633
395.474
174.703
30.010
472.693
10.852
14.523
21031.455
19.368
1656.598
381.780
20.422
58.960
22.532
48.559
2749.273
5.717
12.320
28.705
74.785
38.685
273.148
28.526
717.835
38.716
16.005
56.846
49.269
53.052
105.734
32.812
12.392
7941.659
1705.312
164.935
48.292
19.994
21.169
28.407
143.099
3.350
19.021
6.709
103.575
139.780
951.509
88.277
30.293
11.872
7.398
29.740
9062.414
225.713
23.133
12.067
22.342
22.795
545.384
116.136
6.958
42.839
13.836
274.057
36.521
2284.497
20.128
2774.580
31.832
16.092
1854.943
139.914
11.718
12.368
88.935
13.148
29.084
279.574
38.593
489.567
13.562
1133.852
10.704
1037.373
46.243
89.230
65.095
615.303
313.691
881.170
223.570
30.271
27.873
84.054
36.149
99.005
273.631
19.251
63.178
887.624
18.251
398.658
48.153
18.945
32.542
34.153
92.134
622.207
15.256
16.262
225.788
442.113
17.584
68.989
53.737
28.537
854.795
12.232
585.400
14.241
425.050
134.242
69.134
258.730
17.115
14.114
950.042
14.344
17.804
7272.464
1313.643
63.388
7.933
26.381
222.705
54.912
621.028
21.330
16.435
174.764
70.356
2393.034
194.529
212.390
383.553
12633.497
35.317
62.962
224.797
43.043
450.498
1095.420
13.069
163.640
81.479
49.958
17.557
2249.735
1266.271
765.935
1214.795
927.383
322.464
50.169
218.900
2.837
14.507
1014.117
8.027
14.240
79.746
34.148
36.800
20.388
90.914
82.228
5.537
27.324
17.872
35.072
9.816
20.581
69.829
28.861
94.014
32.227
1166.292
11.277
9.983
18.916
326.688
241.124
32.903
4.935
2572.815
417.177
398.238
41.552
842.132
1182.170
31.301
31.899
382.469
401.530
263.822
14.332
1088.116
534.220
32.852
41.010
17.317
20.504
197.673
57.169
185.509
52.234
81.638
23.032
13.021
185.245
345.412
115.812
116.573
23.316
41.436
82.650
2224.628
16.825
41.979
23.576
63.534
16.792
24.081
9.430
1154.498
6.083
39.754
180.317
25.172
116.929
17.085
25.398
19.185
7.339
491.058
874.105
1081.122
900.872
6.739
13.371
2183.985
7.853
103.469
11.012
345.942
10.521
132.817
816.957
15.412
1082.350
51.473
12.252
29.212
34.613
4.620
42.633
14.791
82.226
568.701
298.628
361.989
63.270
29.283
80.894
228.716
3078.609
109.106
17.933
45.724
68.971
26.860
10.094
48.701
401.162
17.481
6.274
1303.072
5.994
161.671
16.851
177.124
169.224
504.474
1832.977
67.594
16.037
16.242
369.243
2962.514
19.301
36.433
32.322
150.305
1207.054
85.592
29.822
358.733
27.450
682.948
522.411
809.787
34.407
240.294
39.819
67.109
8.342
50.631
49115.992
38.456
21.884
177.253
14.091
16.944
363.394
10.958
105.435
62.920
40.658
329.051
1532.000
14.204
402.534
37.008
642.347
35.564
332.322
5.231
127.727
13.877
1654.056
16.361
50.166
22.211
17.092
16.836
20.780
3020.524
33.985
34.256
290.702
21.060
27.968
41.248
35.834
24.903
28.053
17.971
26.601
1058.353
27.934
4176.388
6.791
140.415
117.610
72.444
226.924
5.112
21.469
12.989
628.577
132.012
26.051
16.256
101.024
667.811
103.905
332.712
1315.887
120.734
17.845
503.819
35.976
41.663
49.483
314.005
898.809
26.077
337.241
37.100
23.056
66.963
47.882
25.135
257.549
342.775
87.470
17.033
252.166
39.918
11.733
835.244
13.343
84.611
141.472
44.836
3367.428
21.486
104.542
21.945
22.695
78.265
29.433
134.896
301.303
33.419
401.446
67.323
480.560
100.613
87.142
108.154
102.317
423.332
27.822
856.806
9.402
188.912
8.138
524.883
34.637
24.866
11.450
121.678
227.846
457.290
142.706
308.311
166.060
29.899
1346.922
17.727
7.034
35.597
174.920
10.716
16.350
587.857
271.532
526.541
542.503
1078.047
71.598
52.332
721.210
21.908
45.626
434.090
30.935
126.409
42.055
9.089
380.905
301.509
20.959
70.562
381.752
10.981
481.489
106.718
59.514
28.609
29.143
50.332
10.965
24.281
576.817
169.095
44.738
77.378
16.702
270.007
68.922
369.093
10.457
40.907
437.492
87.269
422.128
2519.002
440.352
28.765
59.886
17.501
18.262
815.812
12.504
178.827
186.152
932.353
33.845
38.621
46.696
36.804
312.941
29.179
50.631
23.868
21.157
6.129
29.429
38.891
229.615
23.122
8.755
796.146
23.206
126.914
853.992
4579.312
31.544
11.334
790.380
48.891
75.816
42.427
18.136
606.666
9.479
613.548
1929.774
8.501
188.988
139.516
85.223
3298.424
508.740
1778.477
189.519
2083.799
1071.927
7.769
662.405
99.462
695.115
37.996
13.808
7.142
11.271
97.513
60.342
1181.977
44.485
123.838
1217.771
45.172
394.751
5.714
1031.276
47.699
228.227
21.983
450.928
31.812
62.308
903.707
19.494
638.758
30.878
11.535
103.229
640.902
17.966
22.728
53.809
45.089
28.940
901.047
119.715
16.284
111.874
35.388
173.154
279.431
30.789
18.309
960.486
261.336
9.092
58.092
16.267
11.901
7.957
21.835
37.776
337.633
414.575
16.213
50.706
54.993
761.708
33.050
116.989
434.724
169.225
20.460
11.931
17.522
36.925
75.260
13.966
4252.923
103.720
113.340
25.661
386.576
7.034
30.266
818.505
54.616
19.196
17.445
300.950
8.668
76.765
55.555
14.810
54.156
123.194
7.967
969.661
18.185
139.270
28.989
24.216
890.301
26.356
17.659
301.422
259.239
30.025
66.035
246.425
36.774
33.248
15.572
10.248
14.350
18.319
27.370
88.982
7.786
46.511
28.303
156.063
15.237
6.031
314.097
690.398
44.215
6.686
53.802
697.786
165.921
42.626
127.692
368.343
595.269
20.244
5.214
9.771
53.496
77.101
58.687
15.677
27.886
38.495
30.830
59.536
13.399
56.102
493.036
24.565
42.596
920.276
73.218
23.360
10.193
147.386
889.250
79.894
8.931
260.207
10.415
493.102
13.916
366.532
15.000
172.323
438.236
18.148
187.080
251.019
35.388
17.704
50.368
283.506
12.962
55.242
11.524
307.177
21.061
68.420
36.653
14.413
68.074
81.067
60.708
24.454
2107.096
60.010
61.381
5.944
59.923
126.663
9.767
49.858
738.861
230.729
935.741
1513.302
9.767
57.298
28.815
826.888
113.440
5.070
27.947
11.031
31.044
65.242
29.164
30.791
47.247
68.044
11.071
19056.719
21.562
18.584
57.973
646.453
45.246
1502.925
187.724
549.285
28.247
924.737
134.020
62.908
1746.673
861.671
194.348
117.590
12.419
4.045
304.420
135.601
69.875
14.157
33.995
1849.186
83.305
309.782
79.628
517.851
11.967
61.505
113.728
13736.489
11.288
128.309
23.418
7.599
8594.993
27.914
251.843
435.102
39.619
73.488
56.105
376.487
11.526
423.202
153.910
32.500
75.517
30.748
1459.366
22.368
31.429
353.914
21.329
27.194
9.185
22.316
538.385
42.347
563.895
37.638
30.381
234.780
6.315
1166.042
51.332
42.117
35.190
53.379
193.355
97.096
36.023
31.995
10.925
4529.369
30.796
896.119
93.157
7.947
57.543
22.829
8.734
55.964
221.365
134.675
40.035
21.767
89.838
41.121
474.116
55.620
9.710
706.122
22.237
159.701
20.043
873.822
69.294
26.891
427.509
18.512
14.277
38.646
5.259
36.532
6.703
519.554
351.608
84.583
18.165
280.341
4.620
1407.958
5.476
40.581
137.283
737.439
6.711
69.605
337.206
13.758
26.540
750.505
47.428
104.839
5.836
19.948
163.477
37.780
700.663
21.053
37.058
62.509
118.867
129.908
2703.635
478.555
11.435
567.944
39.055
1050.094
108.600
37.700
29.318
105.689
542.181
34.881
1771.932
153.592
93.873
36.628
68.361
323.000
425.807
35.501
29.505
799.161
81.491
109.370
416.946
48.077
292.761
195.103
100.208
30.260
126.489
73.338
15.754
9.357
958.541
158.499
428.347
259.196
9.496
1897.035
77.664
29.279
37.877
15.292
147.057
18.799
13.410
59.266
40.678
273.639
397.806
846.916
731.137
393.294
32.724
572.108
33.474
40.233
37.479
15.197
24.774
36.753
139.172
32.525
20.241
20.276
14.051
40.302
20.304
719.826
33.280
73.601
7.403
33.190
22.838
328.604
261.817
12.678
67.934
110.381
65.101
23.618
157.570
28.004
4597.696
79.640
176.291
135.351
18.346
1365.575
1120.524
36.609
17.213
52.499
19.494
467.091
73.584
1123.943
54.164
22.080
1729.570
17.220
37.354
799.857
20.452
214.355
32.264
160.623
28.484
109.137
1267.160
598.255
152.115
14.102
820.171
1124.068
48.580
4.027
35.426
44.364
365.817
16.442
9.754
58.063
119.904
39.446
4467.417
243.234
22.465
275.649
10.218
282.153
4054.207
33.789
371.476
299.219
2689.335
37.786
970.091
381.250
46.198
173.421
160.443
61.257
694.383
102.237
11.234
83.963
268.667
12.379
32.294
12.390
157.427
35.120
2457.852
402.418
66.805
498.015
53.236
999.981
35.902
428.751
30.935
589.496
296.461
57.200
10.913
6.946
5.112
1162.563
14.148
49.419
1212.965
4.620
621.400
29.065
140.973
350.334
10.240
769.295
15.922
289.810
134.024
62.243
44.815
87.764
21.775
196.349
95.106
130.187
62.585
103.480
120.278
21.323
44.903
99.271
1854.937
36.047
16.581
109.972
42.992
7.557
1463.023
87.225
14.914
78.828
5.347
385.173
79.383
513.539
4.774
10.694
1645.536
96.301
15.652
11.185
48.793
94.149
92.337
43.922
1253.438
218.655
388.706
119.975
863.835
129.624
16.459
79.105
163.690
21.042
10.484
1677.058
73.306
121.327
1208.595
18.399
141.280
221.674
328.921
503.748
5.206
134.533
17.239
34.115
540.959
8.646
8.217
11.734
65.656
120.324
673.833
191.232
4.521
11.641
199.242
30.016
92.201
39.387
36.702
61.399
1275.584
185.897
5.450
54.554
55.611
518.295
57.401
962.742
371.139
40.583
24.594
43.295
789.479
595.408
11.909
638.454
9.304
46.142
180.097
574.098
18.545
17.222
242.285
380.239
185.097
100.741
361.704
37.389
12.995
2095.319
136.207
12.311
1302.418
291.510
93.223
51.979
19.141
1085.704
329.559
207.341
34.679
110.933
84.875
1616.428
61.253
12.961
13.089
233.738
735.298
3655.827
2544.563
63.715
7.458
286.192
201.981
375.945
15.252
297.480
894.098
17.158
47.652
551.261
18.673
23.894
906.567
12.576
3327.225
49.857
10.231
19.016
14.292
20337.588
24.514
162.367
1487.125
1557.100
32.330
29.034
54.249
19.313
83.377
20.834
41.410
581.819
888.749
24.644
14.856
1948.566
67.304
27.845
29.481
318.967
1449.038
14.888
18.220
12.136
16.221
336.099
64.150
27.194
14.213
32.285
40.205
11.249
32.839
1667.900
18.413
81.149
29.658
72.970
783.077
28.914
2242.636
555.478
67.143
109.833
217.817
10.797
40.133
46393.961
839.120
2195.619
12.550
245.561
32.323
274.323
55.780
9.462
257.146
13.627
30.185
247.930
602.895
14.417
94.930
27.514
244.090
2811.514
349.466
35.235
85.679
268.485
6.636
35.406
710.032
9.264
33.924
49.238
266.136
58.111
76.988
24.751
17.092
20.215
70.528
153.531
14.826
212.775
23.765
10.576
1007.677
14.925
710.764
81.358
498.323
31.872
268.333
967.687
53.338
17.504
555.978
10.260
86.301
1087.705
51.066
101.486
1849.399
67.680
825.587
70.169
15.970
17.578
898.572
802.370
1459.577
105.506
156.265
24.093
836.560
181.711
18.832
27.715
290.346
39.428
34.898
33.445
9.139
294.765
58.581
257.354
38.518
228.990
2546.977
736.633
408.728
16.980
147.486
111.463
10.176
45.545
21.470
27.427
344.469
73.824
27.788
338.825
21.074
311.707
19.333
38.114
591.793
77.504
41.951
3617.721
5.184
46.067
216.946
33.965
129.335
15.658
18.671
59.493
12.295
559.604
87.928
149.797
5.995
33.008
12.270
35.044
1634.729
70.760
58.152
880.395
163.038
539.644
46.131
44.044
19.306
5.854
5.640
23.210
103.663
287.114
142.556
12.506
12.077
1235.412
39.331
5.510
44.731
19.734
15.132
464.897
140.473
136.382
336.242
25.837
12.323
229.323
53.745
137.879
36.180
29.695
66.802
13.499
11.318
39.627
586.872
135.111
471.402
241.356
62.281
14.364
13.574
15.047
84.582
257.116
88.877
18.756
20.056
279.613
1988.198
34.856
78.311
8.528
93.889
311.568
35.587
161.461
24.967
37.863
48.866
351.802
216.051
38.529
89.037
41.716
27.123
37.782
527.348
25.962
66.555
140.746
1099.064
267.301
483.231
1824.174
128.904
251.964
16.300
87.938
11.119
22.001
38.078
705.666
66.124
14.958
10.272
19.322
133.267
7.516
14.355
123.529
52.948
79.720
95.038
30.507
590.119
2095.853
248.662
14.985
125.184
58.284
73.155
116.577
97.688
18.305
13.722
105.877
38.706
14.393
169.330
37.806
69.103
411.450
232.964
131.431
41.025
982.835
872.001
32.741
473.563
2698.905
15.457
7.179
170.499
65.131
35.867
33.541
56.595
3865.627
30.060
109.085
597.490
50.393
22.849
41.618
875.388
97.839
29.635
82.078
707.637
2601.146
45.827
65.216
38.798
41.516
14.276
538.266
71.241
12.347
10.073
8.845
29.874
15.686
107.603
44.485
49.145
65.103
19.912
656.040
53.633
18.915
16.580
106.799
618.084
12.643
108.533
33.112
83.768
29.231
45.932
177.093
39.136
499.363
146.519
7.929
6.967
138.377
151.511
1452.802
87.815
56.134
395.724
8.181
49.195
352.973
114.260
82.540
154.751
5.301
1257.782
494.062
936.257
401.092
2082.599
818.754
18.190
75.972
11.298
115.801
27.063
27.802
51.128
10.021
22.611
2.837
183.910
1466.170
1074.301
528.737
12.197
131.580
340.833
434.888
310.663
68.645
444.467
725.391
15.212
25.282
19.447
16.577
121.796
42.736
24.819
369.734
551.165
33.173
20.356
918.865
37.080
32.450
11.837
299.118
402.659
48.410
195.742
54.453
298.275
363.828
5.084
61.179
369.639
229.683
293.320
23.802
69.294
266.103
25.668
54.540
672.664
10.050
349.400
43.389
34.865
13.337
30.954
152.947
16.081
320.989
16.673
50.579
36.328
47.041
46.635
1753.984
193.211
59.929
1258.498
201.900
8.768
455.879
10.118
23.458
265.011
34.288
924.001
10.498
264.204
18.644
15.534
98.771
953.274
269.457
9.808
21.880
1014.378
407.484
387.203
371.411
101.531
34.295
40.566
10.319
9.459
61.367
650.039
463.113
52.920
466.164
116.647
24.742
723.090
19.493
825.537
17.202
10.005
8.953
6.600
156.200
229.899
43.777
412.919
21.160
10.427
10.776
121.516
11.323
229.007
100.613
1773.490
2015.312
47.176
44.604
189.920
964.668
16.431
67.246
551.607
82.292
32.838
188.441
93.940
2370.377
191.161
6.673
2416.831
65.903
354.393
440.885
64.877
587.044
15.621
33.424
38.794
31.921
4216.907
2819.910
444.751
19.309
446.965
37.442
294.965
8.373
21.853
5196.103
41.081
515.594
11.912
121.561
273.575
44.908
83.310
56.463
71.851
5138.515
46.522
79.488
743.695
31.487
42.911
120.019
1537.351
33.799
8.302
75.484
117.955
21.151
252.636
20.297
26.115
5.889
44.120
67.111
25.178
1509.238
1260.011
864.959
130.115
18.858
332.716
442.025
803.198
31.706
22.990
51.870
44.896
11.722
254.738
319.975
9.139
145.671
20.256
426.849
488.342
656.949
9.921
157.598
15.699
204.007
16.681
5.928
17.832
12.323
31.345
885.319
21.597
1292.537
105.420
22.813
973.138
24.381
20.582
1752.121
129.566
22.273
138.142
9.077
416.662
2169.566
833.657
125.241
406.760
368.412
172.003
145.929
15.528
17.669
182.099
1478.190
32.716
42.149
533.102
99.235
79.263
831.399
30.479
54.016
38.964
2957.792
23.062
10.979
38.913
13.380
594.001
14.091
1921.174
486.539
126.471
17.130
5.259
69.187
975.110
62.422
1289.606
487.405
35.381
4.620
10.610
498.369
45.929
993.765
125.778
161.906
156.265
778.515
322.621
77.729
69.521
244.687
34.113
16.909
61.160
29.361
45.185
673.504
299.346
18.558
16.553
819.400
12.544
82.486
163.970
69.655
25.067
50.891
342.249
372.016
54.435
75.749
8.101
47.492
368.125
32.565
137.855
68.253
18.293
27.972
9.556
222.303
12.329
14.709
28.757
784.497
39.617
51.533
79.220
48.884
98.292
544.868
15.428
38.756
27.123
393.633
516.772
16.458
304.782
215.824
7.282
52.239
230.874
2205.868
54.341
18.698
26.698
20.179
17.611
39.271
129.672
21.982
371.666
29.101
525.946
1625.289
293.003
17.463
150.162
31.557
17.221
19.949
1841.791
18.402
643.265
32.942
551.220
9.538
8.959
14.805
491.181
376.686
91.820
59.488
14.555
9.257
73.599
306.443
25.895
223.626
901.028
14.166
17.705
25.861
17.608
28.031
37.454
40.014
1006.316
37.859
167.218
77.195
1100.135
20.558
55.352
470.914
13.037
19.288
42.225
45.244
16.500
31.639
1650.808
116.099
17.220
184.937
2682.863
106.531
19.468
1173.460
122.991
25.361
421.688
9.272
10.488
25.494
70.114
826.477
38.978
92.378
9.477
555.209
18.408
20.796
197.089
71.917
50.190
569.694
39.185
30.621
3.902
44.796
9.958
27.342
19.824
514.684
78.246
1455.948
154.390
2451.283
61.370
30.274
280.639
26.899
21.409
34.852
35.411
12.706
500.069
19.650
1091.689
47.500
87.472
128.972
837.970
796.382
20.720
39.374
1017.031
11.747
435.401
147.855
327.898
53.463
367.542
605.313
12.652
48.639
299.100
831.868
102.060
58.988
24.730
32.056
25.500
54.811
313.847
99.392
247.377
81.246
79.115
36.968
22.253
25.634
1395.987
562.417
60.794
94.333
25.917
123.675
1772.306
25.202
97.430
17.069
13.284
11.585
80.630
198.320
682.454
226.757
26.508
37.794
64.884
83.040
27.678
51.019
23.639
128.140
9.395
141.834
57.185
13.672
770.478
54.396
33.376
9.918
294.679
41.238
233.310
14.651
10.736
7.213
15.306
12.884
115.536
37.162
32.251
19.510
4.383
156.485
1239.492
651.834
45.730
204.712
3508.948
35.969
177.209
256.856
215.541
101.295
118.813
137.233
103.686
1130.839
21.679
6.147
21.858
1215.697
656.966
2851.098
271.555
397.216
4.418
36.296
352.636
2653.215
4888.260
543.089
40.115
7.835
8.726
523.040
152.148
53.057
268.936
19.756
26.003
78.399
8272.451
22.213
251.841
593.434
22.685
12.936
56.526
15.853
103.751
3370.631
12.611
44.929
67.428
71.972
16.053
49.281
104.532
52.545
124.075
219.085
270.724
143.599
128.906
20.902
14.594
3.969
8.413
34.838
1414.026
64.581
47.870
16.338
82.107
306.589
12211.569
24.295
61.002
11.025
5.855
141.899
25.985
318.982
269.868
128.344
23.716
13.136
30.583
202.259
36.525
147.132
29.984
23.062
16.465
336.188
42.950
34.314
34.785
23.928
73.758
14.592
109.044
49.297
56.746
420.098
34.127
456.989
12.567
546.825
19.342
8.527
5.071
189.089
25.969
637.970
90.133
296.570
443.985
143.125
563.135
290.648
6.997
51.380
31.869
204.856
6.660